// MilkShape 3D ASCII

Frames: 30
Frame: 1

Meshes: 1
"Sphere.007" 0 0
240
0 -0.7236 -0.4472 0.5257 0.0 0.0 -1
0 -0.4253 -0.8507 0.309 0.0 0.0 -1
0 -0.2629 -0.5257 0.809 0.0 0.0 -1
0 0.1625 -0.8507 0.5 0.0 0.0 -1
0 -0.2629 -0.5257 0.809 0.0 0.0 -1
0 -0.4253 -0.8507 0.309 0.0 0.0 -1
0 -0.2629 -0.5257 0.809 0.0 0.0 -1
0 0.1625 -0.8507 0.5 0.0 0.0 -1
0 0.2764 -0.4472 0.8506 0.0 0.0 -1
0 -0.4253 -0.8507 0.309 0.0 0.0 -1
0 -0.0 -1.0 0.0 0.0 0.0 -1
0 0.1625 -0.8507 0.5 0.0 0.0 -1
0 -0.4253 -0.8507 0.309 0.0 0.0 -1
0 -0.7236 -0.4472 0.5257 0.0 0.0 -1
0 -0.8506 -0.5257 0.0 0.0 0.0 -1
0 -0.8506 -0.5257 0.0 0.0 0.0 -1
0 -0.4253 -0.8507 -0.309 0.0 0.0 -1
0 -0.4253 -0.8507 0.309 0.0 0.0 -1
0 -0.4253 -0.8507 -0.309 0.0 0.0 -1
0 -0.8506 -0.5257 0.0 0.0 0.0 -1
0 -0.7236 -0.4472 -0.5257 0.0 0.0 -1
0 -0.4253 -0.8507 -0.309 0.0 0.0 -1
0 -0.0 -1.0 0.0 0.0 0.0 -1
0 -0.4253 -0.8507 0.309 0.0 0.0 -1
0 0.2764 -0.4472 0.8506 0.0 0.0 -1
0 0.1625 -0.8507 0.5 0.0 0.0 -1
0 0.6882 -0.5257 0.5 0.0 0.0 -1
0 0.5257 -0.8507 0.0 0.0 0.0 -1
0 0.6882 -0.5257 0.5 0.0 0.0 -1
0 0.1625 -0.8507 0.5 0.0 0.0 -1
0 0.6882 -0.5257 0.5 0.0 0.0 -1
0 0.5257 -0.8507 0.0 0.0 0.0 -1
0 0.8944 -0.4472 0.0 0.0 0.0 -1
0 0.1625 -0.8507 0.5 0.0 0.0 -1
0 -0.0 -1.0 0.0 0.0 0.0 -1
0 0.5257 -0.8507 0.0 0.0 0.0 -1
0 0.8944 -0.4472 0.0 0.0 0.0 -1
0 0.5257 -0.8507 0.0 0.0 0.0 -1
0 0.6882 -0.5257 -0.5 0.0 0.0 -1
0 0.1625 -0.8507 -0.5 0.0 0.0 -1
0 0.6882 -0.5257 -0.5 0.0 0.0 -1
0 0.5257 -0.8507 0.0 0.0 0.0 -1
0 0.6882 -0.5257 -0.5 0.0 0.0 -1
0 0.1625 -0.8507 -0.5 0.0 0.0 -1
0 0.2764 -0.4472 -0.8506 0.0 0.0 -1
0 0.5257 -0.8507 0.0 0.0 0.0 -1
0 -0.0 -1.0 0.0 0.0 0.0 -1
0 0.1625 -0.8507 -0.5 0.0 0.0 -1
0 0.2764 -0.4472 -0.8506 0.0 0.0 -1
0 0.1625 -0.8507 -0.5 0.0 0.0 -1
0 -0.2629 -0.5257 -0.809 0.0 0.0 -1
0 -0.4253 -0.8507 -0.309 0.0 0.0 -1
0 -0.2629 -0.5257 -0.809 0.0 0.0 -1
0 0.1625 -0.8507 -0.5 0.0 0.0 -1
0 -0.2629 -0.5257 -0.809 0.0 0.0 -1
0 -0.4253 -0.8507 -0.309 0.0 0.0 -1
0 -0.7236 -0.4472 -0.5257 0.0 0.0 -1
0 0.1625 -0.8507 -0.5 0.0 0.0 -1
0 -0.0 -1.0 0.0 0.0 0.0 -1
0 -0.4253 -0.8507 -0.309 0.0 0.0 -1
0 -0.8506 -0.5257 0.0 0.0 0.0 -1
0 -0.7236 -0.4472 0.5257 0.0 0.0 -1
0 -0.9511 0.0 0.309 0.0 0.0 -1
0 -0.9511 0.0 0.309 0.0 0.0 -1
0 -0.9511 0.0 -0.309 0.0 0.0 -1
0 -0.8506 -0.5257 0.0 0.0 0.0 -1
0 -0.9511 0.0 -0.309 0.0 0.0 -1
0 -0.9511 0.0 0.309 0.0 0.0 -1
0 -0.8944 0.4472 0.0 0.0 0.0 -1
0 -0.7236 -0.4472 -0.5257 0.0 0.0 -1
0 -0.8506 -0.5257 0.0 0.0 0.0 -1
0 -0.9511 0.0 -0.309 0.0 0.0 -1
0 -0.2629 -0.5257 0.809 0.0 0.0 -1
0 0.2764 -0.4472 0.8506 0.0 0.0 -1
0 -0.0 0.0 1.0 0.0 0.0 -1
0 -0.0 0.0 1.0 0.0 0.0 -1
0 -0.5878 0.0 0.809 0.0 0.0 -1
0 -0.2629 -0.5257 0.809 0.0 0.0 -1
0 -0.5878 0.0 0.809 0.0 0.0 -1
0 -0.0 0.0 1.0 0.0 0.0 -1
0 -0.2764 0.4472 0.8506 0.0 0.0 -1
0 -0.7236 -0.4472 0.5257 0.0 0.0 -1
0 -0.2629 -0.5257 0.809 0.0 0.0 -1
0 -0.5878 0.0 0.809 0.0 0.0 -1
0 0.6882 -0.5257 0.5 0.0 0.0 -1
0 0.8944 -0.4472 0.0 0.0 0.0 -1
0 0.9511 0.0 0.309 0.0 0.0 -1
0 0.9511 0.0 0.309 0.0 0.0 -1
0 0.5878 0.0 0.809 0.0 0.0 -1
0 0.6882 -0.5257 0.5 0.0 0.0 -1
0 0.5878 0.0 0.809 0.0 0.0 -1
0 0.9511 0.0 0.309 0.0 0.0 -1
0 0.7236 0.4472 0.5257 0.0 0.0 -1
0 0.2764 -0.4472 0.8506 0.0 0.0 -1
0 0.6882 -0.5257 0.5 0.0 0.0 -1
0 0.5878 0.0 0.809 0.0 0.0 -1
0 0.6882 -0.5257 -0.5 0.0 0.0 -1
0 0.2764 -0.4472 -0.8506 0.0 0.0 -1
0 0.5878 0.0 -0.809 0.0 0.0 -1
0 0.5878 0.0 -0.809 0.0 0.0 -1
0 0.9511 0.0 -0.309 0.0 0.0 -1
0 0.6882 -0.5257 -0.5 0.0 0.0 -1
0 0.9511 0.0 -0.309 0.0 0.0 -1
0 0.5878 0.0 -0.809 0.0 0.0 -1
0 0.7236 0.4472 -0.5257 0.0 0.0 -1
0 0.8944 -0.4472 0.0 0.0 0.0 -1
0 0.6882 -0.5257 -0.5 0.0 0.0 -1
0 0.9511 0.0 -0.309 0.0 0.0 -1
0 -0.2629 -0.5257 -0.809 0.0 0.0 -1
0 -0.7236 -0.4472 -0.5257 0.0 0.0 -1
0 -0.5878 0.0 -0.809 0.0 0.0 -1
0 -0.5878 0.0 -0.809 0.0 0.0 -1
0 -0.0 0.0 -1.0 0.0 0.0 -1
0 -0.2629 -0.5257 -0.809 0.0 0.0 -1
0 -0.0 0.0 -1.0 0.0 0.0 -1
0 -0.5878 0.0 -0.809 0.0 0.0 -1
0 -0.2764 0.4472 -0.8506 0.0 0.0 -1
0 0.2764 -0.4472 -0.8506 0.0 0.0 -1
0 -0.2629 -0.5257 -0.809 0.0 0.0 -1
0 -0.0 0.0 -1.0 0.0 0.0 -1
0 -0.8944 0.4472 0.0 0.0 0.0 -1
0 -0.9511 0.0 0.309 0.0 0.0 -1
0 -0.6882 0.5257 0.5 0.0 0.0 -1
0 -0.5878 0.0 0.809 0.0 0.0 -1
0 -0.6882 0.5257 0.5 0.0 0.0 -1
0 -0.9511 0.0 0.309 0.0 0.0 -1
0 -0.6882 0.5257 0.5 0.0 0.0 -1
0 -0.5878 0.0 0.809 0.0 0.0 -1
0 -0.2764 0.4472 0.8506 0.0 0.0 -1
0 -0.9511 0.0 0.309 0.0 0.0 -1
0 -0.7236 -0.4472 0.5257 0.0 0.0 -1
0 -0.5878 0.0 0.809 0.0 0.0 -1
0 -0.2764 0.4472 0.8506 0.0 0.0 -1
0 -0.0 0.0 1.0 0.0 0.0 -1
0 0.2629 0.5257 0.809 0.0 0.0 -1
0 0.5878 0.0 0.809 0.0 0.0 -1
0 0.2629 0.5257 0.809 0.0 0.0 -1
0 -0.0 0.0 1.0 0.0 0.0 -1
0 0.2629 0.5257 0.809 0.0 0.0 -1
0 0.5878 0.0 0.809 0.0 0.0 -1
0 0.7236 0.4472 0.5257 0.0 0.0 -1
0 -0.0 0.0 1.0 0.0 0.0 -1
0 0.2764 -0.4472 0.8506 0.0 0.0 -1
0 0.5878 0.0 0.809 0.0 0.0 -1
0 0.7236 0.4472 0.5257 0.0 0.0 -1
0 0.9511 0.0 0.309 0.0 0.0 -1
0 0.8506 0.5257 0.0 0.0 0.0 -1
0 0.9511 0.0 -0.309 0.0 0.0 -1
0 0.8506 0.5257 0.0 0.0 0.0 -1
0 0.9511 0.0 0.309 0.0 0.0 -1
0 0.8506 0.5257 0.0 0.0 0.0 -1
0 0.9511 0.0 -0.309 0.0 0.0 -1
0 0.7236 0.4472 -0.5257 0.0 0.0 -1
0 0.9511 0.0 0.309 0.0 0.0 -1
0 0.8944 -0.4472 0.0 0.0 0.0 -1
0 0.9511 0.0 -0.309 0.0 0.0 -1
0 0.7236 0.4472 -0.5257 0.0 0.0 -1
0 0.5878 0.0 -0.809 0.0 0.0 -1
0 0.2629 0.5257 -0.809 0.0 0.0 -1
0 -0.0 0.0 -1.0 0.0 0.0 -1
0 0.2629 0.5257 -0.809 0.0 0.0 -1
0 0.5878 0.0 -0.809 0.0 0.0 -1
0 0.2629 0.5257 -0.809 0.0 0.0 -1
0 -0.0 0.0 -1.0 0.0 0.0 -1
0 -0.2764 0.4472 -0.8506 0.0 0.0 -1
0 0.5878 0.0 -0.809 0.0 0.0 -1
0 0.2764 -0.4472 -0.8506 0.0 0.0 -1
0 -0.0 0.0 -1.0 0.0 0.0 -1
0 -0.2764 0.4472 -0.8506 0.0 0.0 -1
0 -0.5878 0.0 -0.809 0.0 0.0 -1
0 -0.6882 0.5257 -0.5 0.0 0.0 -1
0 -0.9511 0.0 -0.309 0.0 0.0 -1
0 -0.6882 0.5257 -0.5 0.0 0.0 -1
0 -0.5878 0.0 -0.809 0.0 0.0 -1
0 -0.6882 0.5257 -0.5 0.0 0.0 -1
0 -0.9511 0.0 -0.309 0.0 0.0 -1
0 -0.8944 0.4472 0.0 0.0 0.0 -1
0 -0.5878 0.0 -0.809 0.0 0.0 -1
0 -0.7236 -0.4472 -0.5257 0.0 0.0 -1
0 -0.9511 0.0 -0.309 0.0 0.0 -1
0 -0.6882 0.5257 0.5 0.0 0.0 -1
0 -0.2764 0.4472 0.8506 0.0 0.0 -1
0 -0.1625 0.8507 0.5 0.0 0.0 -1
0 -0.1625 0.8507 0.5 0.0 0.0 -1
0 -0.5257 0.8507 0.0 0.0 0.0 -1
0 -0.6882 0.5257 0.5 0.0 0.0 -1
0 -0.5257 0.8507 0.0 0.0 0.0 -1
0 -0.1625 0.8507 0.5 0.0 0.0 -1
0 -0.0 1.0 0.0 0.0 0.0 -1
0 -0.8944 0.4472 0.0 0.0 0.0 -1
0 -0.6882 0.5257 0.5 0.0 0.0 -1
0 -0.5257 0.8507 0.0 0.0 0.0 -1
0 0.2629 0.5257 0.809 0.0 0.0 -1
0 0.7236 0.4472 0.5257 0.0 0.0 -1
0 0.4253 0.8507 0.309 0.0 0.0 -1
0 0.4253 0.8507 0.309 0.0 0.0 -1
0 -0.1625 0.8507 0.5 0.0 0.0 -1
0 0.2629 0.5257 0.809 0.0 0.0 -1
0 -0.1625 0.8507 0.5 0.0 0.0 -1
0 0.4253 0.8507 0.309 0.0 0.0 -1
0 -0.0 1.0 0.0 0.0 0.0 -1
0 -0.2764 0.4472 0.8506 0.0 0.0 -1
0 0.2629 0.5257 0.809 0.0 0.0 -1
0 -0.1625 0.8507 0.5 0.0 0.0 -1
0 0.8506 0.5257 0.0 0.0 0.0 -1
0 0.7236 0.4472 -0.5257 0.0 0.0 -1
0 0.4253 0.8507 -0.309 0.0 0.0 -1
0 0.4253 0.8507 -0.309 0.0 0.0 -1
0 0.4253 0.8507 0.309 0.0 0.0 -1
0 0.8506 0.5257 0.0 0.0 0.0 -1
0 0.4253 0.8507 0.309 0.0 0.0 -1
0 0.4253 0.8507 -0.309 0.0 0.0 -1
0 -0.0 1.0 0.0 0.0 0.0 -1
0 0.7236 0.4472 0.5257 0.0 0.0 -1
0 0.8506 0.5257 0.0 0.0 0.0 -1
0 0.4253 0.8507 0.309 0.0 0.0 -1
0 0.2629 0.5257 -0.809 0.0 0.0 -1
0 -0.2764 0.4472 -0.8506 0.0 0.0 -1
0 -0.1625 0.8507 -0.5 0.0 0.0 -1
0 -0.1625 0.8507 -0.5 0.0 0.0 -1
0 0.4253 0.8507 -0.309 0.0 0.0 -1
0 0.2629 0.5257 -0.809 0.0 0.0 -1
0 0.4253 0.8507 -0.309 0.0 0.0 -1
0 -0.1625 0.8507 -0.5 0.0 0.0 -1
0 -0.0 1.0 0.0 0.0 0.0 -1
0 0.7236 0.4472 -0.5257 0.0 0.0 -1
0 0.2629 0.5257 -0.809 0.0 0.0 -1
0 0.4253 0.8507 -0.309 0.0 0.0 -1
0 -0.6882 0.5257 -0.5 0.0 0.0 -1
0 -0.8944 0.4472 0.0 0.0 0.0 -1
0 -0.5257 0.8507 0.0 0.0 0.0 -1
0 -0.5257 0.8507 0.0 0.0 0.0 -1
0 -0.1625 0.8507 -0.5 0.0 0.0 -1
0 -0.6882 0.5257 -0.5 0.0 0.0 -1
0 -0.1625 0.8507 -0.5 0.0 0.0 -1
0 -0.5257 0.8507 0.0 0.0 0.0 -1
0 -0.0 1.0 0.0 0.0 0.0 -1
0 -0.2764 0.4472 -0.8506 0.0 0.0 -1
0 -0.6882 0.5257 -0.5 0.0 0.0 -1
0 -0.1625 0.8507 -0.5 0.0 0.0 -1
240
-0.7236 -0.4472 0.5257
-0.4253 -0.8506 0.309
-0.2629 -0.5257 0.809
0.1625 -0.8506 0.5
-0.2629 -0.5257 0.809
-0.4253 -0.8506 0.309
-0.2629 -0.5257 0.809
0.1625 -0.8506 0.5
0.2764 -0.4472 0.8506
-0.4253 -0.8506 0.309
0.0 -1.0 0.0
0.1625 -0.8506 0.5
-0.4253 -0.8506 0.309
-0.7236 -0.4472 0.5257
-0.8506 -0.5257 0.0
-0.8506 -0.5257 0.0
-0.4253 -0.8506 -0.309
-0.4253 -0.8506 0.309
-0.4253 -0.8506 -0.309
-0.8506 -0.5257 0.0
-0.7236 -0.4472 -0.5257
-0.4253 -0.8506 -0.309
0.0 -1.0 0.0
-0.4253 -0.8506 0.309
0.2764 -0.4472 0.8506
0.1625 -0.8506 0.5
0.6882 -0.5257 0.5
0.5257 -0.8506 0.0
0.6882 -0.5257 0.5
0.1625 -0.8506 0.5
0.6882 -0.5257 0.5
0.5257 -0.8506 0.0
0.8944 -0.4472 0.0
0.1625 -0.8506 0.5
0.0 -1.0 0.0
0.5257 -0.8506 0.0
0.8944 -0.4472 0.0
0.5257 -0.8506 0.0
0.6882 -0.5257 -0.5
0.1625 -0.8506 -0.5
0.6882 -0.5257 -0.5
0.5257 -0.8506 0.0
0.6882 -0.5257 -0.5
0.1625 -0.8506 -0.5
0.2764 -0.4472 -0.8506
0.5257 -0.8506 0.0
0.0 -1.0 0.0
0.1625 -0.8506 -0.5
0.2764 -0.4472 -0.8506
0.1625 -0.8506 -0.5
-0.2629 -0.5257 -0.809
-0.4253 -0.8506 -0.309
-0.2629 -0.5257 -0.809
0.1625 -0.8506 -0.5
-0.2629 -0.5257 -0.809
-0.4253 -0.8506 -0.309
-0.7236 -0.4472 -0.5257
0.1625 -0.8506 -0.5
0.0 -1.0 0.0
-0.4253 -0.8506 -0.309
-0.8506 -0.5257 0.0
-0.7236 -0.4472 0.5257
-0.951 0.0 0.309
-0.951 0.0 0.309
-0.951 0.0 -0.309
-0.8506 -0.5257 0.0
-0.951 0.0 -0.309
-0.951 0.0 0.309
-0.8944 0.4472 0.0
-0.7236 -0.4472 -0.5257
-0.8506 -0.5257 0.0
-0.951 0.0 -0.309
-0.2629 -0.5257 0.809
0.2764 -0.4472 0.8506
0.0 0.0 1.0
0.0 0.0 1.0
-0.5878 0.0 0.809
-0.2629 -0.5257 0.809
-0.5878 0.0 0.809
0.0 0.0 1.0
-0.2764 0.4472 0.8506
-0.7236 -0.4472 0.5257
-0.2629 -0.5257 0.809
-0.5878 0.0 0.809
0.6882 -0.5257 0.5
0.8944 -0.4472 0.0
0.951 0.0 0.309
0.951 0.0 0.309
0.5878 0.0 0.809
0.6882 -0.5257 0.5
0.5878 0.0 0.809
0.951 0.0 0.309
0.7236 0.4472 0.5257
0.2764 -0.4472 0.8506
0.6882 -0.5257 0.5
0.5878 0.0 0.809
0.6882 -0.5257 -0.5
0.2764 -0.4472 -0.8506
0.5878 0.0 -0.809
0.5878 0.0 -0.809
0.951 0.0 -0.309
0.6882 -0.5257 -0.5
0.951 0.0 -0.309
0.5878 0.0 -0.809
0.7236 0.4472 -0.5257
0.8944 -0.4472 0.0
0.6882 -0.5257 -0.5
0.951 0.0 -0.309
-0.2629 -0.5257 -0.809
-0.7236 -0.4472 -0.5257
-0.5878 0.0 -0.809
-0.5878 0.0 -0.809
0.0 0.0 -1.0
-0.2629 -0.5257 -0.809
0.0 0.0 -1.0
-0.5878 0.0 -0.809
-0.2764 0.4472 -0.8506
0.2764 -0.4472 -0.8506
-0.2629 -0.5257 -0.809
0.0 0.0 -1.0
-0.8944 0.4472 0.0
-0.951 0.0 0.309
-0.6882 0.5257 0.5
-0.5878 0.0 0.809
-0.6882 0.5257 0.5
-0.951 0.0 0.309
-0.6882 0.5257 0.5
-0.5878 0.0 0.809
-0.2764 0.4472 0.8506
-0.951 0.0 0.309
-0.7236 -0.4472 0.5257
-0.5878 0.0 0.809
-0.2764 0.4472 0.8506
0.0 0.0 1.0
0.2629 0.5257 0.809
0.5878 0.0 0.809
0.2629 0.5257 0.809
0.0 0.0 1.0
0.2629 0.5257 0.809
0.5878 0.0 0.809
0.7236 0.4472 0.5257
0.0 0.0 1.0
0.2764 -0.4472 0.8506
0.5878 0.0 0.809
0.7236 0.4472 0.5257
0.951 0.0 0.309
0.8506 0.5257 0.0
0.951 0.0 -0.309
0.8506 0.5257 0.0
0.951 0.0 0.309
0.8506 0.5257 0.0
0.951 0.0 -0.309
0.7236 0.4472 -0.5257
0.951 0.0 0.309
0.8944 -0.4472 0.0
0.951 0.0 -0.309
0.7236 0.4472 -0.5257
0.5878 0.0 -0.809
0.2629 0.5257 -0.809
0.0 0.0 -1.0
0.2629 0.5257 -0.809
0.5878 0.0 -0.809
0.2629 0.5257 -0.809
0.0 0.0 -1.0
-0.2764 0.4472 -0.8506
0.5878 0.0 -0.809
0.2764 -0.4472 -0.8506
0.0 0.0 -1.0
-0.2764 0.4472 -0.8506
-0.5878 0.0 -0.809
-0.6882 0.5257 -0.5
-0.951 0.0 -0.309
-0.6882 0.5257 -0.5
-0.5878 0.0 -0.809
-0.6882 0.5257 -0.5
-0.951 0.0 -0.309
-0.8944 0.4472 0.0
-0.5878 0.0 -0.809
-0.7236 -0.4472 -0.5257
-0.951 0.0 -0.309
-0.6882 0.5257 0.5
-0.2764 0.4472 0.8506
-0.1625 0.8506 0.5
-0.1625 0.8506 0.5
-0.5257 0.8506 0.0
-0.6882 0.5257 0.5
-0.5257 0.8506 0.0
-0.1625 0.8506 0.5
0.0 1.0 0.0
-0.8944 0.4472 0.0
-0.6882 0.5257 0.5
-0.5257 0.8506 0.0
0.2629 0.5257 0.809
0.7236 0.4472 0.5257
0.4253 0.8506 0.309
0.4253 0.8506 0.309
-0.1625 0.8506 0.5
0.2629 0.5257 0.809
-0.1625 0.8506 0.5
0.4253 0.8506 0.309
0.0 1.0 0.0
-0.2764 0.4472 0.8506
0.2629 0.5257 0.809
-0.1625 0.8506 0.5
0.8506 0.5257 0.0
0.7236 0.4472 -0.5257
0.4253 0.8506 -0.309
0.4253 0.8506 -0.309
0.4253 0.8506 0.309
0.8506 0.5257 0.0
0.4253 0.8506 0.309
0.4253 0.8506 -0.309
0.0 1.0 0.0
0.7236 0.4472 0.5257
0.8506 0.5257 0.0
0.4253 0.8506 0.309
0.2629 0.5257 -0.809
-0.2764 0.4472 -0.8506
-0.1625 0.8506 -0.5
-0.1625 0.8506 -0.5
0.4253 0.8506 -0.309
0.2629 0.5257 -0.809
0.4253 0.8506 -0.309
-0.1625 0.8506 -0.5
0.0 1.0 0.0
0.7236 0.4472 -0.5257
0.2629 0.5257 -0.809
0.4253 0.8506 -0.309
-0.6882 0.5257 -0.5
-0.8944 0.4472 0.0
-0.5257 0.8506 0.0
-0.5257 0.8506 0.0
-0.1625 0.8506 -0.5
-0.6882 0.5257 -0.5
-0.1625 0.8506 -0.5
-0.5257 0.8506 0.0
0.0 1.0 0.0
-0.2764 0.4472 -0.8506
-0.6882 0.5257 -0.5
-0.1625 0.8506 -0.5
80
1 0 1 2 0 1 2  1
1 3 4 5 3 4 5  1
1 6 7 8 6 7 8  1
1 9 10 11 9 10 11  1
1 12 13 14 12 13 14  1
1 15 16 17 15 16 17  1
1 18 19 20 18 19 20  1
1 21 22 23 21 22 23  1
1 24 25 26 24 25 26  1
1 27 28 29 27 28 29  1
1 30 31 32 30 31 32  1
1 33 34 35 33 34 35  1
1 36 37 38 36 37 38  1
1 39 40 41 39 40 41  1
1 42 43 44 42 43 44  1
1 45 46 47 45 46 47  1
1 48 49 50 48 49 50  1
1 51 52 53 51 52 53  1
1 54 55 56 54 55 56  1
1 57 58 59 57 58 59  1
1 60 61 62 60 61 62  1
1 63 64 65 63 64 65  1
1 66 67 68 66 67 68  1
1 69 70 71 69 70 71  1
1 72 73 74 72 73 74  1
1 75 76 77 75 76 77  1
1 78 79 80 78 79 80  1
1 81 82 83 81 82 83  1
1 84 85 86 84 85 86  1
1 87 88 89 87 88 89  1
1 90 91 92 90 91 92  1
1 93 94 95 93 94 95  1
1 96 97 98 96 97 98  1
1 99 100 101 99 100 101  1
1 102 103 104 102 103 104  1
1 105 106 107 105 106 107  1
1 108 109 110 108 109 110  1
1 111 112 113 111 112 113  1
1 114 115 116 114 115 116  1
1 117 118 119 117 118 119  1
1 120 121 122 120 121 122  1
1 123 124 125 123 124 125  1
1 126 127 128 126 127 128  1
1 129 130 131 129 130 131  1
1 132 133 134 132 133 134  1
1 135 136 137 135 136 137  1
1 138 139 140 138 139 140  1
1 141 142 143 141 142 143  1
1 144 145 146 144 145 146  1
1 147 148 149 147 148 149  1
1 150 151 152 150 151 152  1
1 153 154 155 153 154 155  1
1 156 157 158 156 157 158  1
1 159 160 161 159 160 161  1
1 162 163 164 162 163 164  1
1 165 166 167 165 166 167  1
1 168 169 170 168 169 170  1
1 171 172 173 171 172 173  1
1 174 175 176 174 175 176  1
1 177 178 179 177 178 179  1
1 180 181 182 180 181 182  1
1 183 184 185 183 184 185  1
1 186 187 188 186 187 188  1
1 189 190 191 189 190 191  1
1 192 193 194 192 193 194  1
1 195 196 197 195 196 197  1
1 198 199 200 198 199 200  1
1 201 202 203 201 202 203  1
1 204 205 206 204 205 206  1
1 207 208 209 207 208 209  1
1 210 211 212 210 211 212  1
1 213 214 215 213 214 215  1
1 216 217 218 216 217 218  1
1 219 220 221 219 220 221  1
1 222 223 224 222 223 224  1
1 225 226 227 225 226 227  1
1 228 229 230 228 229 230  1
1 231 232 233 231 232 233  1
1 234 235 236 234 235 236  1
1 237 238 239 237 238 239  1

Materials: 1
"Material.003"
0.500000 0.500000 0.500000 1.000000
0.800000 0.800000 0.800000 1.000000
0.500000 0.500000 0.500000 1.000000
0.000000 0.000000 0.000000 1.000000
0.800000011921
1.0
""
""

Bones: 0
GroupComments: 0
MaterialComments: 0
BoneComments: 0
ModelComment: 0
