// MilkShape 3D ASCII

Frames: 30
Frame: 1

Meshes: 1
"objpasted_" 0 0
871
0 77.911697 30.874176 17.631908 0.071628 0.255960 -1
0 54.975906 6.281128 7.279274 0.046199 0.228694 -1
0 101.740616 78.032333 15.105209 0.098048 0.308245 -1
0 117.485672 54.405281 -54.196232 0.314572 0.076616 -1
0 116.267227 45.163933 -48.697666 0.313221 0.086862 -1
0 129.193619 64.569229 -58.709339 0.327553 0.065348 -1
0 122.965469 104.596268 11.426155 0.121580 0.337696 -1
0 121.319595 88.027603 13.129257 0.119755 0.319327 -1
0 118.380936 107.554123 8.925097 0.750754 0.363422 -1
0 101.740616 78.032333 15.105209 0.757606 0.330691 -1
0 107.768143 100.079865 -8.677351 0.731238 0.355135 -1
0 62.216629 44.429245 -49.793476 0.250606 0.061549 -1
0 73.995804 61.333771 -42.971180 0.263665 0.042807 -1
0 82.631241 86.649231 -38.908272 0.273239 0.014740 -1
0 68.643692 -12.641357 -5.265310 0.692415 0.496382 -1
0 58.004715 -17.716492 14.026415 0.713804 0.502009 -1
0 124.450638 64.441559 -3.730083 0.694117 0.410920 -1
0 83.342484 15.459030 -55.805470 0.276717 0.119796 -1
0 100.388687 13.877617 -45.515068 0.295617 0.121550 -1
0 111.991226 20.423134 -23.303236 0.672416 0.459723 -1
0 131.197708 62.358063 -34.968868 0.659482 0.413230 -1
0 116.267227 45.163933 -48.697666 0.644261 0.432293 -1
0 92.132034 65.361679 -51.778080 0.683452 0.316643 -1
0 95.456924 71.118439 -59.109913 0.675323 0.323025 -1
0 88.694473 75.532196 -45.698223 0.690192 0.327919 -1
0 92.132034 65.361679 -51.778080 0.283773 0.038341 -1
0 44.182816 10.364861 -17.539339 0.721412 0.255667 -1
0 41.831863 14.491760 -35.019142 0.702032 0.260243 -1
0 82.631241 86.649231 -38.908272 0.697720 0.340244 -1
0 126.787369 72.169800 -9.864241 0.218468 0.124451 -1
0 143.205948 69.419060 -17.777458 0.236672 0.115677 -1
0 139.251114 66.107903 -33.310123 0.232287 0.098456 -1
0 145.744522 74.027260 11.054987 0.239486 0.147644 -1
0 138.178604 74.807503 -2.029958 0.231098 0.133137 -1
0 114.254532 67.835800 10.533104 0.204573 0.147065 -1
0 113.787003 114.822876 -56.321507 0.678414 0.371481 -1
0 110.066116 113.315872 -45.735126 0.690151 0.369810 -1
0 102.091141 84.279068 -58.265892 0.676258 0.337616 -1
0 118.380936 107.554123 8.925097 0.116497 0.340976 -1
0 142.836807 107.916992 18.562210 0.143611 0.341378 -1
0 -164.056015 46.613487 35.818027 0.701494 0.758038 -1
0 -130.715607 65.404961 22.815109 0.687078 0.795003 -1
0 -138.178757 55.751350 36.113880 0.701822 0.786728 -1
0 -157.885117 54.043510 19.821100 0.845951 0.256252 -1
0 -107.074326 57.022728 19.913591 0.849254 0.312586 -1
0 -130.715607 65.404961 22.815109 0.858548 0.286375 -1
0 56.856461 -47.925934 35.969738 0.738133 0.535503 -1
0 60.416702 -71.618156 44.912273 0.748047 0.561770 -1
0 70.319839 -60.137917 48.801998 0.752360 0.549042 -1
0 11.815201 31.103287 39.583607 0.461261 0.074821 -1
0 23.585342 10.037231 36.315567 0.457637 0.098177 -1
0 4.752090 36.745850 59.743526 0.483612 0.068565 -1
0 4.752090 36.745850 59.743526 0.728021 0.945197 -1
0 23.585342 10.037231 36.315567 0.702046 0.966077 -1
0 35.132156 38.331848 75.272507 0.745238 0.978880 -1
0 -119.041489 63.640350 38.192295 0.704127 0.807946 -1
0 -113.496262 63.714722 35.452198 0.701089 0.814094 -1
0 -236.386826 34.532799 17.028313 0.249389 0.323669 -1
0 -225.590317 42.731728 30.952230 0.264827 0.314579 -1
0 -229.736526 58.561943 34.658039 0.268936 0.297028 -1
0 -230.878769 51.588737 -21.432419 0.206748 0.304759 -1
0 -226.172714 40.750175 -23.935795 0.203972 0.316776 -1
0 -233.363693 50.706841 3.844709 0.234773 0.305737 -1
0 -265.526001 47.380585 -41.597584 0.347817 0.016445 -1
0 -251.572739 39.430122 -39.520359 0.339002 0.031915 -1
0 -246.148300 50.115166 -32.433929 0.350848 0.037929 -1
0 37.755569 12.215332 -57.291527 0.371567 0.934034 -1
0 1.223465 -4.279366 -59.600166 0.389855 0.893531 -1
0 -19.400192 15.154709 -59.347767 0.368308 0.870665 -1
0 90.738235 -161.621704 -58.328362 0.633583 0.661558 -1
0 66.411697 -131.376007 -56.404049 0.635717 0.628024 -1
0 42.932327 -102.458351 -59.500530 0.632284 0.595963 -1
0 134.981094 -145.644196 -2.929334 0.875727 0.244426 -1
0 88.851028 -119.592476 -21.341972 0.846843 0.193281 -1
0 142.221573 -123.753517 -27.223698 0.851456 0.252453 -1
0 123.038467 -68.794319 43.951649 0.407998 0.468286 -1
0 64.529312 -91.936623 48.848175 0.343128 0.493944 -1
0 128.991104 -123.107430 49.502529 0.414597 0.528504 -1
0 50.371780 -23.707489 35.470043 0.327431 0.418298 -1
0 123.274185 -26.720551 54.063122 0.408259 0.421639 -1
0 51.375870 -13.815765 41.366055 0.328545 0.407331 -1
0 -1.339096 41.392807 79.901260 0.750370 0.938444 -1
0 24.979935 54.147583 89.405716 0.760907 0.967624 -1
0 -126.398354 135.502838 79.232887 0.501464 0.747947 -1
0 -146.471115 87.949722 65.722191 0.448742 0.725692 -1
0 -93.495102 76.075943 57.460072 0.435577 0.784427 -1
0 -213.199936 62.997650 56.992420 0.421077 0.651709 -1
0 -190.602768 62.514923 55.407269 0.420542 0.676763 -1
0 -212.038132 78.121170 63.825779 0.437845 0.652997 -1
0 -188.999741 86.082901 68.090889 0.446672 0.678540 -1
0 -238.795120 62.036362 16.125008 0.248388 0.293175 -1
0 -235.332718 85.472595 -21.597944 0.206564 0.267192 -1
0 -244.129715 85.893250 -40.495087 0.185613 0.266725 -1
0 -263.073730 76.098068 -48.548771 0.176683 0.277585 -1
0 -94.470871 178.123749 -54.855888 0.117391 0.782053 -1
0 -56.815842 177.529633 -58.188187 0.116732 0.823802 -1
0 -146.507675 206.630280 -59.277355 0.148996 0.724360 -1
0 -146.507675 206.630280 -59.277355 0.156018 0.729740 -1
0 -56.815842 177.529633 -58.188187 0.188282 0.829182 -1
0 -2.703476 117.043869 -59.205883 0.255343 0.889177 -1
0 122.613541 -136.722351 16.905079 0.842794 0.394134 -1
0 126.370560 -116.217232 16.468328 0.842310 0.416868 -1
0 128.991104 -123.107430 49.502529 0.878935 0.409229 -1
0 126.395401 -82.669716 16.544168 0.842394 0.454063 -1
0 143.133743 -51.019745 4.037157 0.828527 0.489153 -1
0 123.038467 -68.794319 43.951649 0.872781 0.469446 -1
0 24.979935 54.147583 89.405716 0.083975 0.030579 -1
0 70.008804 40.612640 76.000687 0.069113 0.080503 -1
0 70.664261 51.863068 96.120483 0.091420 0.081229 -1
0 20.435806 115.561996 72.752815 0.479356 0.910743 -1
0 24.979935 54.147583 89.405716 0.411265 0.915781 -1
0 53.491470 84.329224 132.386185 0.444728 0.947392 -1
0 -58.386826 146.439331 33.764454 0.676073 0.213265 -1
0 -57.772690 134.450760 52.881977 0.662782 0.213946 -1
0 -27.701889 120.527649 58.723316 0.647345 0.247286 -1
0 -57.772690 134.450760 52.881977 0.500298 0.824033 -1
0 -58.386826 146.439331 33.764454 0.513590 0.823352 -1
0 -167.966965 134.018997 59.276981 0.499819 0.701859 -1
0 -217.400192 109.556580 42.840168 0.278007 0.240489 -1
0 -240.172195 117.836487 -40.260014 0.185873 0.231309 -1
0 -134.259369 198.047729 -50.274860 0.139481 0.737939 -1
0 -138.000900 190.129913 -40.651775 0.130702 0.733791 -1
0 -112.364731 173.395721 -40.348877 0.112149 0.762214 -1
0 -93.982224 144.729675 -26.218796 0.080367 0.782595 -1
0 -10.290695 148.734009 -57.686840 0.220208 0.880765 -1
0 14.381424 137.992920 -41.197369 0.232117 0.908119 -1
0 83.159927 4.027824 -57.384003 0.507861 0.576131 -1
0 100.430862 45.274513 -57.617374 0.527009 0.621862 -1
0 129.193619 64.569229 -58.709339 0.558899 0.643254 -1
0 176.065933 -71.477333 -59.250278 0.758360 0.466472 -1
0 190.117508 -49.373795 -57.693737 0.760086 0.490978 -1
0 179.276871 -60.773079 -45.087345 0.774062 0.478340 -1
0 142.221573 -123.753517 -27.223698 0.793868 0.408513 -1
0 152.174088 -124.548653 -39.543552 0.780209 0.407631 -1
0 163.650040 -101.075050 -29.239645 0.791633 0.433656 -1
0 147.897476 -33.901871 20.904596 0.847228 0.508132 -1
0 167.915726 -25.418427 -9.067532 0.813998 0.517538 -1
0 132.708084 -26.799606 40.602100 0.869067 0.516006 -1
0 134.877579 -15.779877 21.759193 0.848176 0.528224 -1
0 126.898941 -4.165009 17.353388 0.843291 0.541101 -1
0 122.301590 25.115379 -17.055346 0.805142 0.573565 -1
0 124.474564 50.652885 38.249210 0.866458 0.601878 -1
0 87.996353 52.028702 94.998642 0.929377 0.603404 -1
0 88.094498 40.689941 74.089584 0.906195 0.590832 -1
0 103.879471 58.217560 78.481377 0.911064 0.610265 -1
0 103.879471 58.217560 78.481377 0.386756 0.327467 -1
0 88.094498 40.689941 74.089584 0.369255 0.346900 -1
0 106.024734 40.933342 56.796284 0.389134 0.346630 -1
0 -23.893661 120.013077 -20.589453 0.516231 0.150786 -1
0 -49.240463 182.890747 26.760965 0.585944 0.098288 -1
0 -27.701889 120.527649 58.723316 0.516802 0.062851 -1
0 -130.826752 168.350220 12.031551 0.469776 0.205111 -1
0 -130.893768 161.293610 23.233490 0.457356 0.205037 -1
0 -112.080795 163.474731 8.159159 0.474069 0.225895 -1
0 -112.647202 158.343109 20.309647 0.460598 0.225267 -1
0 -168.130478 147.298645 41.083263 0.514542 0.701678 -1
0 -168.130478 147.298645 41.083263 0.117070 0.027312 -1
0 -126.398354 135.502838 79.232887 0.163339 0.069609 -1
0 -130.893768 161.293610 23.233490 0.158355 0.007522 -1
0 -195.534042 121.828323 51.551678 0.287666 0.226884 -1
0 -193.928818 132.756241 35.958485 0.270377 0.214768 -1
0 -176.399704 188.567078 2.068812 0.232804 0.152890 -1
0 -297.646851 122.846909 -57.755596 0.056105 0.556791 -1
0 -240.172195 117.836487 -40.260014 0.050550 0.620513 -1
0 -204.043808 204.366608 -50.873913 0.146486 0.660569 -1
0 -171.484238 189.872650 -40.788761 0.130417 0.696668 -1
0 -138.000900 190.129913 -40.651775 0.528186 0.197157 -1
0 -130.741119 177.036743 2.224888 0.480648 0.205206 -1
0 -111.887253 164.455811 -29.675264 0.516016 0.226110 -1
0 -15.499374 144.486420 -48.955952 0.080097 0.869610 -1
0 -23.893661 120.013077 -20.589453 0.052963 0.860303 -1
0 14.381424 137.992920 -41.197369 0.072897 0.902739 -1
0 177.325638 -49.008057 -50.023754 0.768589 0.491384 -1
0 163.775284 -26.878723 -50.585384 0.767967 0.515918 -1
0 135.259903 -49.205215 -23.022865 0.798525 0.491165 -1
0 168.000565 -14.533020 -2.165506 0.821650 0.529606 -1
0 168.000565 -14.533020 -2.165506 0.594278 0.059053 -1
0 139.006668 6.209694 1.475392 0.590241 0.026907 -1
0 143.553177 -4.462692 7.303558 0.583780 0.031948 -1
0 88.299881 63.063347 113.350182 0.949723 0.615638 -1
0 88.256485 82.697433 106.073051 0.941655 0.637406 -1
0 112.464005 73.873367 76.031212 0.908347 0.627623 -1
0 -23.893661 120.013077 -20.589453 0.108586 0.383387 -1
0 -27.701889 120.527649 58.723316 0.104363 0.471321 -1
0 14.923050 118.507004 -23.771559 0.151622 0.379859 -1
0 -27.701889 120.527649 58.723316 0.104363 0.471321 -1
0 20.435806 115.561996 72.752815 0.157734 0.486876 -1
0 -49.240463 182.890747 26.760965 0.453445 0.295567 -1
0 -93.982224 144.729675 -26.218796 0.512184 0.245961 -1
0 -176.399704 188.567078 2.068812 0.560297 0.692510 -1
0 -130.893768 161.293610 23.233490 0.530059 0.742963 -1
0 -130.741119 177.036743 2.224888 0.547513 0.743132 -1
0 -176.399704 188.567078 2.068812 0.480821 0.154584 -1
0 -171.484238 189.872650 -40.788761 0.528338 0.160034 -1
0 -171.484238 189.872650 -40.788761 0.528338 0.160034 -1
0 -138.000900 190.129913 -40.651775 0.528186 0.197157 -1
0 14.381424 137.992920 -41.197369 0.764346 0.270232 -1
0 87.960526 121.630249 -55.617634 0.782488 0.351810 -1
0 49.846390 92.221069 -58.343254 0.815094 0.309552 -1
0 143.780228 23.086205 -58.496693 0.759195 0.571315 -1
0 147.950089 52.060707 -53.861614 0.764334 0.603439 -1
0 148.608292 15.872734 -43.917461 0.775359 0.563317 -1
0 139.006668 6.209694 1.475392 0.825687 0.552604 -1
0 51.646378 108.641724 83.131691 0.192337 0.498383 -1
0 53.491470 84.329224 132.386185 0.194383 0.552992 -1
0 52.254959 126.642578 51.917957 0.193012 0.463776 -1
0 53.491470 84.329224 132.386185 0.194383 0.552992 -1
0 99.144363 134.692947 47.294636 0.244999 0.458650 -1
0 50.064041 131.437759 0.576711 0.190583 0.406854 -1
0 19.763504 119.758942 -7.941021 0.156989 0.397410 -1
0 20.435806 115.561996 72.752815 0.157734 0.486876 -1
0 33.225296 116.725830 -31.730547 0.171914 0.371034 -1
0 14.381424 137.992920 -41.197369 0.072897 0.902739 -1
0 52.161819 109.534714 -39.615078 0.041346 0.944626 -1
0 87.960526 121.630249 -55.617634 0.054756 0.984316 -1
0 88.256485 82.697433 106.073051 0.232927 0.523818 -1
0 117.485001 107.377655 62.385021 0.265333 0.475381 -1
0 94.827713 121.864334 63.439205 0.240213 0.476550 -1
0 118.379776 115.744446 49.705784 0.266325 0.461324 -1
0 116.935623 111.773849 -13.074636 0.264724 0.391718 -1
0 52.161819 109.534714 -39.615078 0.192909 0.362293 -1
0 100.309647 111.837967 -40.062847 0.820456 0.089268 -1
0 110.066116 113.315872 -45.735126 0.826745 0.100085 -1
0 103.682755 117.259171 -54.359547 0.836307 0.093008 -1
0 97.160965 122.907364 -2.456609 0.242800 0.403491 -1
0 55.676773 -131.803833 -1.992090 0.696044 0.628499 -1
0 52.613541 -132.006653 17.012836 0.717115 0.628724 -1
0 66.867447 -103.583382 34.737171 0.736766 0.597210 -1
0 60.886612 -123.638100 23.642122 0.724465 0.619445 -1
0 63.738297 -115.715401 35.038364 0.737100 0.610661 -1
0 64.529312 -91.936623 48.848175 0.752411 0.584298 -1
0 4.752090 36.745850 59.743526 0.728021 0.945197 -1
0 -20.001755 53.347198 61.866936 0.730375 0.917752 -1
0 -19.183884 54.455246 79.417068 0.749833 0.918659 -1
0 -37.076523 64.514481 58.477116 0.726617 0.898821 -1
0 -58.934433 60.755020 49.838779 0.717039 0.874587 -1
0 -67.561142 60.713501 37.796803 0.703688 0.865023 -1
0 -251.572739 39.430122 -39.520359 0.589834 0.672708 -1
0 -170.936630 46.700447 -19.405592 0.612135 0.762110 -1
0 -226.172714 40.750175 -23.935795 0.607112 0.700869 -1
0 -276.152283 36.710663 -47.164394 0.335987 0.004664 -1
0 -258.203613 29.959114 -52.454533 0.328501 0.024564 -1
0 -251.572739 39.430122 -39.520359 0.589834 0.672708 -1
0 -258.203613 29.959114 -52.454533 0.575494 0.665356 -1
0 -227.742661 40.596245 -52.525768 0.575415 0.699129 -1
0 -258.203613 29.959114 -52.454533 0.421789 0.026304 -1
0 -251.144943 40.654686 -56.989277 0.409931 0.034130 -1
0 -227.742661 40.596245 -52.525768 0.409996 0.060077 -1
0 69.125443 -40.287186 11.228605 0.710702 0.527033 -1
0 50.371780 -23.707489 35.470043 0.737579 0.508651 -1
0 8.689774 40.513092 30.010231 0.695055 0.949563 -1
0 11.815201 31.103287 39.583607 0.705669 0.953028 -1
0 -5.087875 48.810471 32.813862 0.698164 0.934287 -1
0 -45.869858 71.778107 18.749826 0.682571 0.889072 -1
0 -47.462021 62.728302 39.326084 0.705384 0.887307 -1
0 -80.686325 74.073227 24.464813 0.688907 0.850471 -1
0 -21.459824 41.732651 -58.555958 0.359114 0.253497 -1
0 -3.523605 49.060638 -55.231297 0.367239 0.273383 -1
0 -64.903488 68.836494 -54.776447 0.389164 0.205330 -1
0 29.982742 6.231491 -56.204521 0.319754 0.310532 -1
0 31.311600 18.930389 -51.003361 0.333833 0.312005 -1
0 1.223465 -4.279366 -59.600166 0.308100 0.278646 -1
0 66.411697 -131.376007 -56.404049 0.582263 0.388676 -1
0 66.280228 -83.378716 -53.821655 0.582117 0.335461 -1
0 59.505447 -53.601593 -53.779072 0.574606 0.302447 -1
0 66.280228 -83.378716 -53.821655 0.638580 0.574809 -1
0 75.812576 -101.647346 -8.967472 0.688310 0.595064 -1
0 48.724564 -68.386391 -23.077974 0.672666 0.558187 -1
0 50.371780 -23.707489 35.470043 0.737579 0.508651 -1
0 23.585342 10.037231 36.315567 0.738516 0.471238 -1
0 66.280228 -83.378716 -53.821655 0.638580 0.574809 -1
0 76.764603 -9.658073 -51.058414 0.641644 0.493075 -1
0 62.775772 -23.080307 15.031672 0.714918 0.507956 -1
0 15.016129 -37.413513 13.812212 0.432688 0.150786 -1
0 8.689774 40.513092 30.010231 0.450647 0.064388 -1
0 -29.893051 17.021774 14.707876 0.722326 0.186933 -1
0 8.689774 40.513092 30.010231 0.765103 0.160888 -1
0 -5.087875 48.810471 32.813862 0.749828 0.151689 -1
0 -29.893051 17.021774 14.707876 0.644364 0.328323 -1
0 -20.087875 54.252548 37.022900 0.669105 0.287045 -1
0 -45.869858 71.778107 18.749826 0.648846 0.267615 -1
0 -80.650742 56.549301 14.711363 0.848730 0.341882 -1
0 -80.686325 74.073227 24.464813 0.868159 0.341843 -1
0 -80.686325 74.073227 24.464813 0.868159 0.341843 -1
0 -130.715607 65.404961 22.815109 0.858548 0.286375 -1
0 -114.218613 96.892632 -8.010876 0.638229 0.149936 -1
0 -130.701385 77.712257 -5.478684 0.659495 0.131662 -1
0 -156.688522 59.037453 -4.295008 0.680200 0.102849 -1
0 -80.650742 56.549301 14.711363 0.678093 0.850510 -1
0 -107.074326 57.022728 19.913591 0.683861 0.821214 -1
0 -131.571198 62.472450 4.590987 0.666873 0.794054 -1
0 -114.218613 96.892632 -8.010876 0.652901 0.813293 -1
0 -130.701385 77.712257 -5.478684 0.655708 0.795019 -1
0 -22.624069 14.899857 -24.281681 0.601136 0.330676 -1
0 -29.893051 17.021774 14.707876 0.644364 0.328323 -1
0 -51.736313 79.928574 -14.552500 0.611923 0.258578 -1
0 -51.736313 79.928574 -14.552500 0.736941 0.091488 -1
0 -64.613022 70.627975 4.304113 0.722665 0.081177 -1
0 -66.453964 87.414795 -5.898149 0.720624 0.099788 -1
0 -81.233017 100.543350 -8.351667 0.624391 0.861565 -1
0 -51.736313 79.928574 -14.552500 0.617516 0.894268 -1
0 -66.453964 87.414795 -5.898149 0.627111 0.877951 -1
0 -114.218613 96.892632 -8.010876 0.624769 0.824994 -1
0 -80.931259 79.875809 -22.656668 0.608531 0.861900 -1
0 101.740616 78.032333 15.105209 0.757606 0.330691 -1
0 54.975906 6.281128 7.279274 0.748929 0.251139 -1
0 114.254532 67.835800 10.533104 0.111922 0.296940 -1
0 54.975906 6.281128 7.279274 0.748929 0.251139 -1
0 53.445938 15.204803 -8.635931 0.731284 0.261033 -1
0 126.787369 72.169800 -9.864241 0.687316 0.402351 -1
0 100.430862 45.274513 -57.617374 0.295663 0.086740 -1
0 116.267227 45.163933 -48.697666 0.644261 0.432293 -1
0 100.388687 13.877617 -45.515068 0.647790 0.466980 -1
0 100.388687 13.877617 -45.515068 0.647790 0.466980 -1
0 118.380936 107.554123 8.925097 0.116497 0.340976 -1
0 107.768143 100.079865 -8.677351 0.104731 0.332689 -1
0 104.647415 107.966003 -0.569314 0.101271 0.341432 -1
0 118.380936 107.554123 8.925097 0.116497 0.340976 -1
0 62.216629 44.429245 -49.793476 0.685652 0.293435 -1
0 82.631241 86.649231 -38.908272 0.697720 0.340244 -1
0 82.631241 86.649231 -38.908272 0.697720 0.340244 -1
0 94.705704 98.146912 -32.293774 0.705054 0.352992 -1
0 114.254532 67.835800 10.533104 0.111922 0.296940 -1
0 58.004715 -17.716492 14.026415 0.049557 0.202087 -1
0 58.004715 -17.716492 14.026415 0.049557 0.202087 -1
0 114.254532 67.835800 10.533104 0.111922 0.296940 -1
0 124.450638 64.441559 -3.730083 0.123227 0.293177 -1
0 58.004715 -17.716492 14.026415 0.049557 0.202087 -1
0 76.764603 -9.658073 -51.058414 0.269424 0.147644 -1
0 76.764603 -9.658073 -51.058414 0.814617 0.103642 -1
0 83.342484 15.459030 -55.805470 0.809354 0.075794 -1
0 83.159927 4.027824 -57.384003 0.807604 0.088468 -1
0 100.430862 45.274513 -57.617374 0.295663 0.086740 -1
0 129.193619 64.569229 -58.709339 0.633161 0.410778 -1
0 116.267227 45.163933 -48.697666 0.644261 0.432293 -1
0 126.787369 72.169800 -9.864241 0.687316 0.402351 -1
0 145.055130 94.938713 12.167347 0.146071 0.326989 -1
0 116.935623 111.773849 -13.074636 0.726362 0.368100 -1
0 104.647415 107.966003 -0.569314 0.740227 0.363878 -1
0 94.705704 98.146912 -32.293774 0.286626 0.001992 -1
0 88.694473 75.532196 -45.698223 0.279962 0.027065 -1
0 92.132034 65.361679 -51.778080 0.283773 0.038341 -1
0 88.694473 75.532196 -45.698223 0.279962 0.027065 -1
0 88.694473 75.532196 -45.698223 0.279962 0.027065 -1
0 62.216629 44.429245 -49.793476 0.685652 0.293435 -1
0 37.755569 12.215332 -57.291527 0.677339 0.257719 -1
0 82.631241 86.649231 -38.908272 0.697720 0.340244 -1
0 53.445938 15.204803 -8.635931 0.706852 0.146194 -1
0 54.975906 6.281128 7.279274 0.724497 0.147890 -1
0 47.083023 7.701927 7.347024 0.724572 0.139140 -1
0 47.083023 7.701927 7.347024 0.037448 0.230269 -1
0 58.004715 -17.716492 14.026415 0.049557 0.202087 -1
0 76.764603 -9.658073 -51.058414 0.593741 0.253726 -1
0 48.345901 -21.788055 -57.331104 0.562233 0.267175 -1
0 64.856094 -19.090660 -51.240231 0.580538 0.264184 -1
0 76.764603 -9.658073 -51.058414 0.895560 0.113304 -1
0 76.353470 -10.171257 -59.267941 0.904662 0.112848 -1
0 48.345901 -21.788055 -57.331104 0.902514 0.081796 -1
0 76.353470 -10.171257 -59.267941 0.805515 0.104211 -1
0 76.764603 -9.658073 -51.058414 0.814617 0.103642 -1
0 83.159927 4.027824 -57.384003 0.807604 0.088468 -1
0 83.342484 15.459030 -55.805470 0.508063 0.588805 -1
0 129.193619 64.569229 -58.709339 0.915504 0.133484 -1
0 100.430862 45.274513 -57.617374 0.914293 0.101595 -1
0 117.485672 54.405281 -54.196232 0.910500 0.120504 -1
0 158.727798 71.406265 -58.474247 0.253881 0.070556 -1
0 129.193619 64.569229 -58.709339 0.221136 0.070296 -1
0 167.481339 67.736252 -46.072613 0.263586 0.084306 -1
0 129.193619 64.569229 -58.709339 0.221136 0.070296 -1
0 131.197708 62.358063 -34.968868 0.223358 0.096617 -1
0 131.197708 62.358063 -34.968868 0.223358 0.096617 -1
0 131.197708 62.358063 -34.968868 0.223358 0.096617 -1
0 126.787369 72.169800 -9.864241 0.687316 0.402351 -1
0 114.254532 67.835800 10.533104 0.709931 0.407157 -1
0 114.254532 67.835800 10.533104 0.111922 0.296940 -1
0 145.744522 74.027260 11.054987 0.146835 0.303804 -1
0 116.935623 111.773849 -13.074636 0.726362 0.368100 -1
0 100.309647 111.837967 -40.062847 0.696440 0.368171 -1
0 116.935623 111.773849 -13.074636 0.726362 0.368100 -1
0 110.066116 113.315872 -45.735126 0.714785 0.099788 -1
0 100.309647 111.837967 -40.062847 0.713147 0.088971 -1
0 94.705704 98.146912 -32.293774 0.697967 0.082758 -1
0 62.216629 44.429245 -49.793476 0.685652 0.293435 -1
0 62.216629 44.429245 -49.793476 0.685652 0.293435 -1
0 37.755569 12.215332 -57.291527 0.677339 0.257719 -1
0 37.755569 12.215332 -57.291527 0.677339 0.257719 -1
0 29.982742 6.231491 -56.204521 0.678544 0.251084 -1
0 53.445938 15.204803 -8.635931 0.682059 0.099051 -1
0 46.920670 15.497726 -15.908922 0.682383 0.091817 -1
0 44.182816 10.364861 -17.539339 0.676693 0.088781 -1
0 -159.418808 36.322762 -50.878910 0.577240 0.774880 -1
0 -164.257309 51.606178 -31.221252 0.599035 0.769515 -1
0 -181.124741 40.471245 -55.594379 0.572012 0.750814 -1
0 -159.418808 36.322762 -50.878910 0.912425 0.380444 -1
0 -181.124741 40.471245 -55.594379 0.917024 0.356378 -1
0 -182.290024 32.063240 -58.409092 0.907702 0.355086 -1
0 -182.290024 32.063240 -58.409092 0.568892 0.749522 -1
0 -112.993515 64.499657 -59.436649 0.567752 0.826352 -1
0 -157.885117 54.043510 19.821100 0.683758 0.764880 -1
0 78.728287 -117.401680 -20.580814 0.844414 0.182058 -1
0 67.084366 -125.832222 -8.909399 0.853761 0.169148 -1
0 70.118607 -151.104401 -2.023413 0.881780 0.172512 -1
0 55.676773 -131.803833 -1.992090 0.860382 0.156500 -1
0 70.118607 -151.104401 -2.023413 0.696009 0.649897 -1
0 70.118607 -151.104401 -2.023413 0.696009 0.649897 -1
0 70.387100 -150.047394 16.083763 0.716085 0.648725 -1
0 52.613541 -132.006653 17.012836 0.521386 0.039051 -1
0 70.387100 -150.047394 16.083763 0.541092 0.059053 -1
0 60.886612 -123.638100 23.642122 0.530558 0.029772 -1
0 63.738297 -115.715401 35.038364 0.342251 0.520308 -1
0 70.387100 -150.047394 16.083763 0.349623 0.558372 -1
0 64.529312 -91.936623 48.848175 0.752411 0.584298 -1
0 70.319839 -60.137917 48.801998 0.349548 0.458689 -1
0 60.416702 -71.618156 44.912273 0.338568 0.471417 -1
0 71.544998 -49.053894 43.959484 0.669603 0.099051 -1
0 56.856461 -47.925934 35.969738 0.670854 0.082766 -1
0 70.319839 -60.137917 48.801998 0.657315 0.097693 -1
0 71.544998 -49.053894 43.959484 0.639187 0.099051 -1
0 70.319839 -60.137917 48.801998 0.651476 0.097693 -1
0 56.856461 -47.925934 35.969738 0.637937 0.082766 -1
0 70.319839 -60.137917 48.801998 0.349548 0.458689 -1
0 123.274185 -26.720551 54.063122 0.408259 0.421639 -1
0 56.856461 -47.925934 35.969738 0.334621 0.445149 -1
0 56.856461 -47.925934 35.969738 0.334621 0.445149 -1
0 52.385025 6.355202 51.633720 0.891692 0.119371 -1
0 50.371780 -23.707489 35.470043 0.873771 0.152702 -1
0 51.375870 -13.815765 41.366055 0.880308 0.141735 -1
0 23.585342 10.037231 36.315567 0.836678 0.110664 -1
0 50.371780 -23.707489 35.470043 0.866376 0.148077 -1
0 40.743179 8.401543 43.162231 0.855701 0.112477 -1
0 40.743179 8.401543 43.162231 0.882300 0.117103 -1
0 50.371780 -23.707489 35.470043 0.873771 0.152702 -1
0 52.385025 6.355202 51.633720 0.719029 0.998008 -1
0 37.323441 16.836945 47.703190 0.714671 0.981309 -1
0 40.743179 8.401543 43.162231 0.709637 0.985101 -1
0 23.585342 10.037231 36.315567 0.702046 0.966077 -1
0 40.743179 8.401543 43.162231 0.709637 0.985101 -1
0 23.585342 10.037231 36.315567 0.702046 0.966077 -1
0 24.979935 54.147583 89.405716 0.686451 0.149936 -1
0 35.132156 38.331848 75.272507 0.697706 0.134267 -1
0 37.323441 16.836945 47.703190 0.700136 0.103700 -1
0 4.752090 36.745850 59.743526 0.728021 0.945197 -1
0 24.979935 54.147583 89.405716 0.411265 0.915781 -1
0 -19.183884 54.455246 79.417068 0.411606 0.866816 -1
0 -1.339096 41.392807 79.901260 0.397124 0.886601 -1
0 -57.489548 76.224152 57.099964 0.435741 0.824347 -1
0 -19.183884 54.455246 79.417068 0.411606 0.866816 -1
0 -57.489548 76.224152 57.099964 0.725090 0.876189 -1
0 -37.076523 64.514481 58.477116 0.422759 0.846979 -1
0 -58.934433 60.755020 49.838779 0.418591 0.822745 -1
0 -58.934433 60.755020 49.838779 0.418591 0.822745 -1
0 -93.495102 76.075943 57.460072 0.725489 0.836269 -1
0 -93.495102 76.075943 57.460072 0.725489 0.836269 -1
0 -146.471115 87.949722 65.722191 0.734649 0.777535 -1
0 -164.056015 46.613487 35.818027 0.844320 0.078175 -1
0 -138.178757 55.751350 36.113880 0.854451 0.106865 -1
0 -150.775620 58.978249 40.134296 0.858029 0.092899 -1
0 -150.775620 58.978249 40.134296 0.706280 0.772762 -1
0 -150.775620 58.978249 40.134296 0.706280 0.772762 -1
0 -190.602768 62.514923 55.407269 0.723213 0.728605 -1
0 -190.602768 62.514923 55.407269 0.723213 0.728605 -1
0 -213.199936 62.997650 56.992420 0.724971 0.703552 -1
0 -213.199936 62.997650 56.992420 0.724971 0.703552 -1
0 -224.809067 41.178078 40.257290 0.706416 0.690681 -1
0 -225.590317 42.731728 30.952230 0.696100 0.689814 -1
0 -224.809067 41.178078 40.257290 0.275143 0.316301 -1
0 -213.199936 62.997650 56.992420 0.293698 0.292110 -1
0 -223.730270 41.709938 2.945811 0.233776 0.315711 -1
0 -226.172714 40.750175 -23.935795 0.340465 0.060077 -1
0 -246.148300 50.115166 -32.433929 0.194550 0.306393 -1
0 -267.017761 63.181854 -45.973156 0.179539 0.291905 -1
0 -267.017761 63.181854 -45.973156 0.365336 0.014791 -1
0 -258.203613 29.959114 -52.454533 0.421789 0.026304 -1
0 -263.537109 46.954224 -54.509388 0.402947 0.020391 -1
0 -276.152283 36.710663 -47.164394 0.414304 0.006405 -1
0 -276.152283 36.710663 -47.164394 0.178218 0.321254 -1
0 -265.526001 47.380585 -41.597584 0.184390 0.309424 -1
0 -263.537109 46.954224 -54.509388 0.170075 0.309897 -1
0 -270.123657 73.952850 -58.823994 0.165291 0.279964 -1
0 -199.234970 9.823334 -59.436958 0.374219 0.671281 -1
0 -248.232651 21.531532 -58.465321 0.361238 0.616957 -1
0 -251.144943 40.654686 -56.989277 0.340036 0.613728 -1
0 -270.123657 73.952850 -58.823994 0.373013 0.013089 -1
0 -61.350449 55.338837 -59.552250 0.323756 0.824154 -1
0 95.456924 71.118439 -59.109913 0.306261 0.998008 -1
0 -21.459824 41.732651 -58.555958 0.338841 0.868381 -1
0 29.982742 6.231491 -56.204521 0.378202 0.925416 -1
0 31.208755 -35.547333 -59.602055 0.450262 0.532254 -1
0 48.345901 -21.788055 -57.331104 0.469262 0.547509 -1
0 23.213455 -54.552704 -59.505016 0.441398 0.511183 -1
0 76.353470 -10.171257 -59.267941 0.500314 0.560389 -1
0 176.065933 -71.477333 -59.250278 0.610866 0.492418 -1
0 33.784012 -61.829384 -59.661518 0.546088 0.311569 -1
0 23.213455 -54.552704 -59.505016 0.534369 0.303501 -1
0 42.932327 -102.458351 -59.500530 0.556231 0.356615 -1
0 178.167801 -98.722115 -59.349880 0.613197 0.462212 -1
0 42.932327 -102.458351 -59.500530 0.463260 0.458069 -1
0 90.738235 -161.621704 -58.328362 0.516263 0.392474 -1
0 78.746719 -145.585144 -52.209225 0.640368 0.643778 -1
0 90.738235 -161.621704 -58.328362 0.631144 0.157960 -1
0 90.901505 -151.838531 -50.269833 0.631325 0.147114 -1
0 78.746719 -145.585144 -52.209225 0.617849 0.140181 -1
0 78.728287 -117.401680 -20.580814 0.617828 0.108933 -1
0 78.728287 -117.401680 -20.580814 0.675434 0.612531 -1
0 134.981094 -145.644196 -2.929334 0.001896 0.100613 -1
0 122.613541 -136.722351 16.905079 0.023886 0.086901 -1
0 70.387100 -150.047394 16.083763 0.022976 0.028997 -1
0 70.118607 -151.104401 -2.023413 0.002900 0.028699 -1
0 128.991104 -123.107430 49.502529 0.060027 0.093971 -1
0 70.387100 -150.047394 16.083763 0.349623 0.558372 -1
0 70.319839 -60.137917 48.801998 0.349548 0.458689 -1
0 123.537491 -48.949982 58.360035 0.408551 0.446285 -1
0 93.857071 -10.454231 48.744640 0.375644 0.403604 -1
0 52.385025 6.355202 51.633720 0.329664 0.384968 -1
0 95.860306 19.539223 50.602291 0.377865 0.370350 -1
0 37.323441 16.836945 47.703190 0.312965 0.373346 -1
0 88.094498 40.689941 74.089584 0.369255 0.346900 -1
0 70.008804 40.612640 76.000687 0.349203 0.346986 -1
0 24.979935 54.147583 89.405716 0.299279 0.331980 -1
0 24.979935 54.147583 89.405716 0.411265 0.915781 -1
0 -19.183884 54.455246 79.417068 0.411606 0.866816 -1
0 -57.772690 134.450760 52.881977 0.500298 0.824033 -1
0 20.435806 115.561996 72.752815 0.510393 0.150786 -1
0 -27.701889 120.527649 58.723316 0.504887 0.097415 -1
0 -57.772690 134.450760 52.881977 0.489451 0.064075 -1
0 -150.775620 58.978249 40.134296 0.706280 0.772762 -1
0 -190.602768 62.514923 55.407269 0.723213 0.728605 -1
0 -146.471115 87.949722 65.722191 0.734649 0.777535 -1
0 -223.365555 74.013504 38.368282 0.273049 0.279896 -1
0 -212.038132 78.121170 63.825779 0.301274 0.275342 -1
0 -267.017761 63.181854 -45.973156 0.816148 0.108009 -1
0 -230.878769 51.588737 -21.432419 0.803294 0.148077 -1
0 -263.073730 76.098068 -48.548771 0.830468 0.112382 -1
0 -112.993515 64.499657 -59.436649 0.313599 0.766897 -1
0 -146.507675 206.630280 -59.277355 0.156018 0.729740 -1
0 -56.815842 177.529633 -58.188187 0.188282 0.829182 -1
0 158.252579 -138.271423 -57.320156 0.591116 0.418363 -1
0 158.252579 -138.271423 -57.320156 0.592901 0.249928 -1
0 152.174088 -124.548653 -39.543552 0.612610 0.243189 -1
0 90.738235 -161.621704 -58.328362 0.591783 0.175074 -1
0 78.728287 -117.401680 -20.580814 0.633634 0.161759 -1
0 90.738235 -161.621704 -58.328362 0.751697 0.106039 -1
0 78.728287 -117.401680 -20.580814 0.738381 0.147890 -1
0 90.901505 -151.838531 -50.269833 0.751878 0.114974 -1
0 142.221573 -123.753517 -27.223698 0.626269 0.232154 -1
0 163.433853 -103.670326 -2.583623 0.821187 0.430779 -1
0 151.968948 -123.428719 -2.047564 0.821781 0.408873 -1
0 134.981094 -145.644196 -2.929334 0.820803 0.384242 -1
0 142.221573 -123.753517 -27.223698 0.793868 0.408513 -1
0 126.395401 -82.669716 16.544168 0.795977 0.106826 -1
0 126.370560 -116.217232 16.468328 0.758782 0.106798 -1
0 163.433853 -103.670326 -2.583623 0.772693 0.147890 -1
0 126.370560 -116.217232 16.468328 0.921342 0.100858 -1
0 134.981094 -145.644196 -2.929334 0.930889 0.133484 -1
0 151.968948 -123.428719 -2.047564 0.949723 0.108854 -1
0 128.991104 -123.107430 49.502529 0.878935 0.409229 -1
0 123.038467 -68.794319 43.951649 0.872781 0.469446 -1
0 132.695450 -48.854156 43.532894 0.872316 0.491554 -1
0 123.537491 -48.949982 58.360035 0.888755 0.491448 -1
0 147.897476 -33.901871 20.904596 0.435559 0.429601 -1
0 132.708084 -26.799606 40.602100 0.418718 0.421726 -1
0 132.695450 -48.854156 43.532894 0.418704 0.446178 -1
0 122.737564 -3.040817 35.650368 0.407664 0.395385 -1
0 124.474564 50.652885 38.249210 0.409590 0.335854 -1
0 95.860306 19.539223 50.602291 0.880154 0.567382 -1
0 106.024734 40.933342 56.796284 0.887022 0.591102 -1
0 88.094498 40.689941 74.089584 0.066994 0.100554 -1
0 87.996353 52.028702 94.998642 0.090176 0.100446 -1
0 87.996353 52.028702 94.998642 0.408916 0.985648 -1
0 88.299881 63.063347 113.350182 0.421150 0.985985 -1
0 70.664261 51.863068 96.120483 0.408732 0.966432 -1
0 56.558121 64.046837 113.843864 0.422240 0.950792 -1
0 56.558121 64.046837 113.843864 0.111070 0.065590 -1
0 24.979935 54.147583 89.405716 0.083975 0.030579 -1
0 -49.240463 182.890747 26.760965 0.716487 0.223406 -1
0 -112.080795 163.474731 8.159159 0.694961 0.153735 -1
0 -130.788971 149.000427 41.408115 0.437206 0.205153 -1
0 -126.398354 135.502838 79.232887 0.395269 0.210021 -1
0 -58.386826 146.439331 33.764454 0.445680 0.285426 -1
0 -195.534042 121.828323 51.551678 0.486303 0.671296 -1
0 -240.172195 117.836487 -40.260014 0.050550 0.620513 -1
0 -244.129715 85.893250 -40.495087 0.015134 0.616125 -1
0 -270.123657 73.952850 -58.823994 0.001896 0.587306 -1
0 -235.404556 204.456299 -58.786953 0.158428 0.631179 -1
0 -297.646851 122.846909 -57.755596 0.248909 0.562171 -1
0 -251.144943 40.654686 -56.989277 0.641506 0.163652 -1
0 -270.123657 73.952850 -58.823994 0.639472 0.200570 -1
0 -297.646851 122.846909 -57.755596 0.640657 0.254780 -1
0 -146.507675 206.630280 -59.277355 0.303244 0.003856 -1
0 -134.259369 198.047729 -50.274860 0.293263 0.017435 -1
0 -94.470871 178.123749 -54.855888 0.298342 0.061549 -1
0 -59.210129 138.961441 -21.715004 0.073971 0.821147 -1
0 -23.893661 120.013077 -20.589453 0.052963 0.860303 -1
0 -10.290695 148.734009 -57.686840 0.084806 0.875384 -1
0 -2.703476 117.043869 -59.205883 0.876582 0.271613 -1
0 49.846390 92.221069 -58.343254 0.875626 0.329875 -1
0 95.456924 71.118439 -59.109913 0.876476 0.380444 -1
0 129.193619 64.569229 -58.709339 0.902774 0.174210 -1
0 143.780228 23.086205 -58.496693 0.918947 0.220203 -1
0 171.539322 -26.291412 -58.642872 0.949723 0.274948 -1
0 171.539322 -26.291412 -58.642872 0.605848 0.542516 -1
0 129.193619 64.569229 -58.709339 0.558899 0.643254 -1
0 190.117508 -49.373795 -57.693737 0.626445 0.516925 -1
0 171.539322 -26.291412 -58.642872 0.759033 0.516570 -1
0 163.775284 -26.878723 -50.585384 0.243673 0.037292 -1
0 177.325638 -49.008057 -50.023754 0.219138 0.052315 -1
0 190.117508 -49.373795 -57.693737 0.218732 0.066497 -1
0 179.276871 -60.773079 -45.087345 0.206094 0.054478 -1
0 178.167801 -98.722115 -59.349880 0.758249 0.436265 -1
0 160.273392 -78.423988 -25.210003 0.796101 0.458770 -1
0 158.252579 -138.271423 -57.320156 0.760500 0.392417 -1
0 160.273392 -78.423988 -25.210003 0.556331 0.059053 -1
0 163.650040 -101.075050 -29.239645 0.560075 0.033939 -1
0 152.174088 -124.548653 -39.543552 0.547351 0.007914 -1
0 159.277176 -88.093117 -2.460552 0.821323 0.448050 -1
0 122.737564 -3.040817 35.650368 0.863577 0.542348 -1
0 145.744522 74.027260 11.054987 0.836308 0.627794 -1
0 88.256485 82.697433 106.073051 0.442918 0.985936 -1
0 53.491470 84.329224 132.386185 0.194383 0.552992 -1
0 20.435806 115.561996 72.752815 0.157734 0.486876 -1
0 -130.893768 161.293610 23.233490 0.199450 0.069609 -1
0 -126.398354 135.502838 79.232887 0.170855 0.007522 -1
0 -130.788971 149.000427 41.408115 0.185820 0.049458 -1
0 -130.893768 161.293610 23.233490 0.530059 0.742963 -1
0 -176.399704 188.567078 2.068812 0.560297 0.692510 -1
0 -195.534042 121.828323 51.551678 0.872433 0.076301 -1
0 -167.966965 134.018997 59.276981 0.863868 0.106865 -1
0 -193.928818 132.756241 35.958485 0.889721 0.078081 -1
0 -193.928818 132.756241 35.958485 0.498419 0.673075 -1
0 -217.400192 109.556580 42.840168 0.472697 0.647053 -1
0 -171.484238 189.872650 -40.788761 0.185287 0.151442 -1
0 -235.404556 204.456299 -58.786953 0.146586 0.625799 -1
0 -235.404556 204.456299 -58.786953 0.896392 0.176387 -1
0 -204.043808 204.366608 -50.873913 0.887619 0.211157 -1
0 -146.507675 206.630280 -59.277355 0.896936 0.274948 -1
0 -93.982224 144.729675 -26.218796 0.512184 0.245961 -1
0 -112.364731 173.395721 -40.348877 0.527850 0.225580 -1
0 -111.887253 164.455811 -29.675264 0.102237 0.762744 -1
0 -10.290695 148.734009 -57.686840 0.916164 0.143058 -1
0 -15.499374 144.486420 -48.955952 0.906484 0.137283 -1
0 14.381424 137.992920 -41.197369 0.897882 0.170412 -1
0 -2.703476 117.043869 -59.205883 0.787573 0.251290 -1
0 14.381424 137.992920 -41.197369 0.764346 0.270232 -1
0 95.456924 71.118439 -59.109913 0.838491 0.360121 -1
0 102.091141 84.279068 -58.265892 0.823899 0.367477 -1
0 158.727798 71.406265 -58.474247 0.461398 0.060590 -1
0 147.950089 52.060707 -53.861614 0.449448 0.039141 -1
0 129.193619 64.569229 -58.709339 0.428653 0.053009 -1
0 143.780228 23.086205 -58.496693 0.444825 0.007017 -1
0 141.732071 -58.608406 -21.879576 0.208494 0.012852 -1
0 135.259903 -49.205215 -23.022865 0.218919 0.005676 -1
0 141.732071 -58.608406 -21.879576 0.799793 0.480740 -1
0 134.877579 -15.779877 21.759193 0.567752 0.022329 -1
0 168.000565 -14.533020 -2.165506 0.594278 0.059053 -1
0 126.898941 -4.165009 17.353388 0.572637 0.013483 -1
0 122.301590 25.115379 -17.055346 0.610786 0.008386 -1
0 112.464005 73.873367 76.031212 0.043304 0.104411 -1
0 145.744522 74.027260 11.054987 0.080203 0.176451 -1
0 134.099869 74.257568 42.913189 0.067292 0.141129 -1
0 134.099869 74.257568 42.913189 0.871629 0.628049 -1
0 144.499405 90.836685 46.318382 0.875405 0.646431 -1
0 -23.893661 120.013077 -20.589453 0.505943 0.323669 -1
0 -59.210129 138.961441 -21.715004 0.507191 0.284513 -1
0 -49.240463 182.890747 26.760965 0.453445 0.295567 -1
0 -130.893768 161.293610 23.233490 0.764054 0.079707 -1
0 -130.826752 168.350220 12.031551 0.771878 0.092127 -1
0 -130.741119 177.036743 2.224888 0.781509 0.103000 -1
0 14.381424 137.992920 -41.197369 0.072897 0.902739 -1
0 14.923050 118.507004 -23.771559 0.051293 0.903339 -1
0 33.225296 116.725830 -31.730547 0.049318 0.923631 -1
0 158.727798 71.406265 -58.474247 0.759220 0.624888 -1
0 167.481339 67.736252 -46.072613 0.772970 0.620819 -1
0 139.006668 6.209694 1.475392 0.825687 0.552604 -1
0 156.225967 88.114967 16.995756 0.842894 0.643413 -1
0 140.157486 106.124298 41.221508 0.869754 0.663380 -1
0 117.485001 107.377655 62.385021 0.893218 0.664770 -1
0 99.144363 134.692947 47.294636 0.500566 0.998008 -1
0 99.144363 134.692947 47.294636 0.322026 0.061549 -1
0 88.256485 82.697433 106.073051 0.309955 0.003901 -1
0 94.827713 121.864334 63.439205 0.317240 0.047326 -1
0 52.161819 109.534714 -39.615078 0.192909 0.362293 -1
0 100.309647 111.837967 -40.062847 0.043899 0.998008 -1
0 87.960526 121.630249 -55.617634 0.054756 0.984316 -1
0 113.787003 114.822876 -56.321507 0.790035 0.380444 -1
0 87.960526 121.630249 -55.617634 0.837701 0.075577 -1
0 113.787003 114.822876 -56.321507 0.838482 0.104211 -1
0 167.481339 67.736252 -46.072613 0.772970 0.620819 -1
0 143.205948 69.419060 -17.777458 0.804341 0.622685 -1
0 143.205948 69.419060 -17.777458 0.804341 0.622685 -1
0 145.744522 74.027260 11.054987 0.836308 0.627794 -1
0 143.205948 69.419060 -17.777458 0.804341 0.622685 -1
0 145.744522 74.027260 11.054987 0.146835 0.303804 -1
0 156.225967 88.114967 16.995756 0.158456 0.319423 -1
0 156.225967 88.114967 16.995756 0.158456 0.319423 -1
0 142.836807 107.916992 18.562210 0.844631 0.665368 -1
0 117.485001 107.377655 62.385021 0.893218 0.664770 -1
0 118.379776 115.744446 49.705784 0.879160 0.674046 -1
0 140.157486 106.124298 41.221508 0.290470 0.451917 -1
0 142.836807 107.916992 18.562210 0.293441 0.426795 -1
0 142.836807 107.916992 18.562210 0.293441 0.426795 -1
0 100.309647 111.837967 -40.062847 0.246291 0.361796 -1
0 52.161819 109.534714 -39.615078 0.192909 0.362293 -1
0 110.066116 113.315872 -45.735126 0.826745 0.100085 -1
0 113.787003 114.822876 -56.321507 0.838482 0.104211 -1
0 87.960526 121.630249 -55.617634 0.837701 0.075577 -1
0 156.225967 88.114967 16.995756 0.158456 0.319423 -1
0 97.160965 122.907364 -2.456609 0.092970 0.357998 -1
0 111.831375 121.561096 19.349667 0.109236 0.356505 -1
0 111.831375 121.561096 19.349667 0.259065 0.427668 -1
0 142.836807 107.916992 18.562210 0.293441 0.426795 -1
0 111.831375 121.561096 19.349667 0.259065 0.427668 -1
0 118.380936 107.554123 8.925097 0.116497 0.340976 -1
0 118.380936 107.554123 8.925097 0.116497 0.340976 -1
0 97.160965 122.907364 -2.456609 0.738135 0.380444 -1
0 104.647415 107.966003 -0.569314 0.740227 0.363878 -1
0 116.935623 111.773849 -13.074636 0.726362 0.368100 -1
0 78.728287 -117.401680 -20.580814 0.675434 0.612531 -1
0 67.084366 -125.832222 -8.909399 0.688375 0.621878 -1
0 67.084366 -125.832222 -8.909399 0.688375 0.621878 -1
0 66.867447 -103.583382 34.737171 0.537189 0.007538 -1
0 52.613541 -132.006653 17.012836 0.521386 0.039051 -1
0 60.886612 -123.638100 23.642122 0.530558 0.029772 -1
0 -20.087875 54.252548 37.022900 0.702830 0.917657 -1
0 11.815201 31.103287 39.583607 0.705669 0.953028 -1
0 11.815201 31.103287 39.583607 0.705669 0.953028 -1
0 4.752090 36.745850 59.743526 0.728021 0.945197 -1
0 -20.087875 54.252548 37.022900 0.702830 0.917657 -1
0 -225.590317 42.731728 30.952230 0.696100 0.689814 -1
0 -157.885117 54.043510 19.821100 0.683758 0.764880 -1
0 -225.590317 42.731728 30.952230 0.696100 0.689814 -1
0 -236.386826 34.532799 17.028313 0.680662 0.677844 -1
0 -157.885117 54.043510 19.821100 0.683758 0.764880 -1
0 -156.688522 59.037453 -4.295008 0.657021 0.766206 -1
0 -157.885117 54.043510 19.821100 0.683758 0.764880 -1
0 -223.730270 41.709938 2.945811 0.665049 0.691877 -1
0 -223.730270 41.709938 2.945811 0.665049 0.691877 -1
0 -157.885117 54.043510 19.821100 0.683758 0.764880 -1
0 -236.386826 34.532799 17.028313 0.680662 0.677844 -1
0 -223.730270 41.709938 2.945811 0.426849 0.076456 -1
0 -233.363693 50.706841 3.844709 0.416874 0.065775 -1
0 -156.688522 59.037453 -4.295008 0.407638 0.150786 -1
0 -226.172714 40.750175 -23.935795 0.607112 0.700869 -1
0 -233.363693 50.706841 3.844709 0.637913 0.692896 -1
0 -251.572739 39.430122 -39.520359 0.589834 0.672708 -1
0 -251.572739 39.430122 -39.520359 0.589834 0.672708 -1
0 -199.234970 9.823334 -59.436958 0.883045 0.336299 -1
0 -248.232651 21.531532 -58.465321 0.896026 0.281975 -1
0 -248.232651 21.531532 -58.465321 0.896026 0.281975 -1
0 -251.144943 40.654686 -56.989277 0.917228 0.278746 -1
0 -181.124741 40.471245 -55.594379 0.917024 0.356378 -1
0 -251.144943 40.654686 -56.989277 0.917228 0.278746 -1
0 -251.144943 40.654686 -56.989277 0.570466 0.673182 -1
0 -112.993515 64.499657 -59.436649 0.838575 0.247492 -1
0 -182.290024 32.063240 -58.409092 0.802613 0.170662 -1
0 -199.234970 9.823334 -59.436958 0.777955 0.151875 -1
0 -112.993515 64.499657 -59.436649 0.384356 0.152013 -1
0 -61.350449 55.338837 -59.552250 0.374199 0.209270 -1
0 -81.036423 68.217079 -58.914509 0.388477 0.187444 -1
0 95.456924 71.118439 -59.109913 0.306261 0.998008 -1
0 -16.847397 31.593658 -60.165272 0.350082 0.873495 -1
0 -21.459824 41.732651 -58.555958 0.338841 0.868381 -1
0 95.456924 71.118439 -59.109913 0.306261 0.998008 -1
0 78.728287 -117.401680 -20.580814 0.675434 0.612531 -1
0 66.280228 -83.378716 -53.821655 0.638580 0.574809 -1
0 8.689774 40.513092 30.010231 0.450647 0.064388 -1
0 -233.363693 50.706841 3.844709 0.637913 0.692896 -1
0 -156.688522 59.037453 -4.295008 0.628888 0.777907 -1
0 -61.350449 55.338837 -59.552250 0.374199 0.209270 -1
0 -61.350449 55.338837 -59.552250 0.374199 0.209270 -1
0 -11.233566 37.587448 -57.051014 0.354518 0.264835 -1
0 -16.847397 31.593658 -60.165272 0.347873 0.258611 -1
0 -19.400192 15.154709 -59.347767 0.329647 0.255780 -1
0 -16.847397 31.593658 -60.165272 0.347873 0.258611 -1
0 1.223465 -4.279366 -59.600166 0.308100 0.278646 -1
0 1.223465 -4.279366 -59.600166 0.308100 0.278646 -1
0 -19.400192 15.154709 -59.347767 0.329647 0.255780 -1
0 1.223465 -4.279366 -59.600166 0.308100 0.278646 -1
0 48.345901 -21.788055 -57.331104 0.562233 0.267175 -1
0 31.208755 -35.547333 -59.602055 0.543233 0.282430 -1
0 23.213455 -54.552704 -59.505016 0.534369 0.303501 -1
0 23.213455 -54.552704 -59.505016 0.534369 0.303501 -1
0 59.505447 -53.601593 -53.779072 0.574606 0.302447 -1
0 48.345901 -21.788055 -57.331104 0.562233 0.267175 -1
0 23.213455 -54.552704 -59.505016 0.534369 0.303501 -1
0 42.932327 -102.458351 -59.500530 0.556231 0.356615 -1
0 42.932327 -102.458351 -59.500530 0.556231 0.356615 -1
0 66.411697 -131.376007 -56.404049 0.582263 0.388676 -1
0 50.371780 -23.707489 35.470043 0.737579 0.508651 -1
0 -20.087875 54.252548 37.022900 0.702830 0.917657 -1
0 -70.358749 75.531555 -47.582951 0.580895 0.873621 -1
0 -81.036423 68.217079 -58.914509 0.568331 0.861783 -1
0 -81.036423 68.217079 -58.914509 0.568331 0.861783 -1
0 -64.903488 68.836494 -54.776447 0.572919 0.879670 -1
0 -64.903488 68.836494 -54.776447 0.572919 0.879670 -1
0 -3.523605 49.060638 -55.231297 0.572415 0.947722 -1
0 38.599014 24.287491 -14.696894 0.617356 0.994424 -1
0 -3.523605 49.060638 -55.231297 0.572415 0.947722 -1
0 31.311600 18.930389 -51.003361 0.577102 0.986344 -1
0 76.764603 -9.658073 -51.058414 0.593741 0.253726 -1
0 69.125443 -40.287186 11.228605 0.799677 0.077975 -1
0 58.004715 -17.716492 14.026415 0.787347 0.103000 -1
0 62.775772 -23.080307 15.031672 0.792637 0.097053 -1
0 47.083023 7.701927 7.347024 0.037448 0.230269 -1
0 58.004715 -17.716492 14.026415 0.049557 0.202087 -1
0 15.016129 -37.413513 13.812212 0.001896 0.180249 -1
0 15.016129 -37.413513 13.812212 0.467601 0.059053 -1
0 58.004715 -17.716492 14.026415 0.515263 0.037215 -1
0 23.585342 10.037231 36.315567 0.477102 0.006444 -1
0 15.016129 -37.413513 13.812212 0.772117 0.247286 -1
0 8.689774 40.513092 30.010231 0.765103 0.160888 -1
0 -20.087875 54.252548 37.022900 0.702830 0.917657 -1
0 -29.893051 17.021774 14.707876 0.678089 0.906786 -1
0 -45.869858 71.778107 18.749826 0.865614 0.380444 -1
0 -80.686325 74.073227 24.464813 0.868159 0.341843 -1
0 -114.218613 96.892632 -8.010876 0.624769 0.824994 -1
0 -156.688522 59.037453 -4.295008 0.628888 0.777907 -1
0 -156.688522 59.037453 -4.295008 0.628888 0.777907 -1
0 -3.523605 49.060638 -55.231297 0.572415 0.947722 -1
0 -22.624069 14.899857 -24.281681 0.606729 0.926545 -1
0 31.311600 18.930389 -51.003361 0.577102 0.986344 -1
0 41.831863 14.491760 -35.019142 0.594824 0.998008 -1
0 41.831863 14.491760 -35.019142 0.328912 0.323669 -1
0 38.599014 24.287491 -14.696894 0.742779 0.079710 -1
0 41.831863 14.491760 -35.019142 0.753640 0.102241 -1
0 44.182816 10.364861 -17.539339 0.758216 0.082861 -1
0 53.445938 15.204803 -8.635931 0.682059 0.099051 -1
0 38.599014 24.287491 -14.696894 0.692129 0.082590 -1
0 38.599014 24.287491 -14.696894 0.692129 0.082590 -1
0 44.182816 10.364861 -17.539339 0.676693 0.088781 -1
0 15.016129 -37.413513 13.812212 0.731740 0.103587 -1
0 53.445938 15.204803 -8.635931 0.706852 0.146194 -1
0 15.016129 -37.413513 13.812212 0.643371 0.388676 -1
0 -29.893051 17.021774 14.707876 0.644364 0.328323 -1
0 -29.893051 17.021774 14.707876 0.644364 0.328323 -1
0 -45.869858 71.778107 18.749826 0.648846 0.267615 -1
0 -51.736313 79.928574 -14.552500 0.645648 0.882568 -1
0 -64.613022 70.627975 4.304113 0.666555 0.868291 -1
0 -64.613022 70.627975 4.304113 0.666555 0.868291 -1
0 -80.650742 56.549301 14.711363 0.678093 0.850510 -1
0 -64.613022 70.627975 4.304113 0.666555 0.868291 -1
0 -80.650742 56.549301 14.711363 0.678093 0.850510 -1
0 -157.885117 54.043510 19.821100 0.683758 0.764880 -1
0 -156.688522 59.037453 -4.295008 0.657021 0.766206 -1
0 -156.688522 59.037453 -4.295008 0.657021 0.766206 -1
0 -130.701385 77.712257 -5.478684 0.655708 0.795019 -1
0 -114.436752 76.348007 -22.209757 0.609026 0.824752 -1
0 -114.218613 96.892632 -8.010876 0.624769 0.824994 -1
0 -22.624069 14.899857 -24.281681 0.606729 0.926545 -1
0 -3.523605 49.060638 -55.231297 0.572415 0.947722 -1
0 -22.624069 14.899857 -24.281681 0.606729 0.926545 -1
0 -22.624069 14.899857 -24.281681 0.343800 0.063875 -1
0 38.599014 24.287491 -14.696894 0.333391 0.131753 -1
0 15.016129 -37.413513 13.812212 0.401800 0.105607 -1
0 38.599014 24.287491 -14.696894 0.333391 0.131753 -1
0 53.445938 15.204803 -8.635931 0.343462 0.148214 -1
0 15.016129 -37.413513 13.812212 0.401800 0.105607 -1
0 -66.453964 87.414795 -5.898149 0.627111 0.877951 -1
0 -64.613022 70.627975 4.304113 0.638422 0.879992 -1
0 -131.571198 62.472450 4.590987 0.198735 0.073407 -1
0 -114.218613 96.892632 -8.010876 0.160573 0.092646 -1
0 -64.613022 70.627975 4.304113 0.189692 0.147644 -1
0 -64.613022 70.627975 4.304113 0.189692 0.147644 -1
0 -114.218613 96.892632 -8.010876 0.160573 0.092646 -1
0 -81.233017 100.543350 -8.351667 0.156525 0.129217 -1
0 -107.074326 57.022728 19.913591 0.683861 0.821214 -1
0 -157.885117 54.043510 19.821100 0.683758 0.764880 -1
0 -114.218613 96.892632 -8.010876 0.624769 0.824994 -1
0 -51.736313 79.928574 -14.552500 0.617516 0.894268 -1
0 -51.736313 79.928574 -14.552500 0.118410 0.104353 -1
0 -80.931259 79.875809 -22.656668 0.086041 0.104411 -1
0 -22.624069 14.899857 -24.281681 0.150687 0.176451 -1
681
0.068912 -0.011921 -0.997552
0.420174 -0.293293 -0.858739
0.219022 -0.222642 -0.949979
-0.276471 0.518060 0.809431
-0.375224 0.421741 0.825434
-0.125101 0.519443 0.845298
0.169314 -0.060560 -0.983700
-0.060401 0.007529 -0.998146
0.813012 -0.515092 -0.271462
0.822845 -0.539521 -0.178447
-0.067958 -0.332301 0.940722
0.230363 -0.330370 0.915308
-0.041639 -0.279434 0.959262
-0.961379 0.186619 -0.202298
-0.843566 -0.283038 -0.456384
-0.863375 0.305283 -0.401729
-0.469359 0.306505 0.828104
-0.472067 0.301657 0.828345
-0.845633 0.532785 -0.032332
-0.874364 0.482473 0.052036
-0.826646 0.466254 0.315060
0.887389 -0.459109 0.041939
0.804890 -0.501219 0.317696
0.831376 -0.333969 0.444161
0.455355 -0.587329 0.669102
0.789718 -0.498275 -0.357865
0.797969 -0.601896 -0.031099
0.842110 -0.488467 -0.228585
-0.133177 0.964255 -0.229077
0.083435 0.969753 -0.229386
-0.172601 0.927659 -0.331146
0.111496 0.993751 -0.005212
-0.011668 0.997095 -0.075263
-0.225107 0.968258 0.108646
0.814882 -0.409503 0.410212
0.825547 -0.466645 0.317356
0.752576 -0.368653 0.545642
0.361236 -0.208589 -0.908845
0.383640 0.360951 -0.850021
0.217907 -0.962207 0.163325
0.217029 -0.883005 -0.416174
0.301016 -0.942967 0.142138
0.015178 -0.288576 0.957337
0.065086 -0.353067 0.933331
-0.991939 -0.103475 -0.073143
-0.959415 -0.059632 0.275620
-0.563719 0.216180 0.797174
-0.871049 -0.459921 -0.172474
-0.901710 -0.413486 0.126289
-0.870675 -0.459079 -0.176553
-0.276963 -0.736564 0.617062
-0.104379 -0.816854 0.567323
0.071351 -0.801090 0.594276
0.080013 -0.996783 -0.004596
-0.951180 -0.307538 0.026026
-0.863295 -0.317881 0.392012
-0.872038 -0.044024 0.487454
-0.887866 -0.271220 0.371664
-0.815499 -0.440729 0.375126
-0.879637 -0.341706 -0.330873
-0.364994 -0.142143 0.920095
-0.315325 -0.438203 0.841753
-0.442104 -0.167657 0.881156
0.123587 -0.182447 -0.975418
0.170498 -0.243997 -0.954671
0.033291 -0.020974 -0.999226
-0.773689 -0.627733 0.085771
-0.842053 -0.469408 0.265713
-0.777677 -0.627699 0.034813
-0.049502 -0.633432 -0.772213
-0.173606 -0.512470 -0.840973
-0.133274 -0.499097 -0.856236
0.038132 -0.174304 0.983953
-0.143052 -0.174087 0.974284
-0.109886 -0.206837 0.972185
-0.248408 -0.270188 0.930211
0.269084 0.136493 0.953396
-0.180506 -0.313711 0.932203
-0.320057 -0.900327 0.294914
0.041600 -0.650775 0.758130
-0.021155 0.269720 0.962706
-0.061263 -0.183476 0.981113
0.116646 -0.205929 0.971590
0.054861 -0.414633 0.908334
0.041826 -0.455431 0.889288
-0.171432 -0.060044 0.983365
-0.040831 -0.135926 0.989877
-0.992296 -0.046434 0.114862
-0.966583 0.098842 0.236532
-0.703977 0.638002 0.312042
-0.707757 0.534235 0.462247
0.277799 0.574877 0.769639
0.197646 0.612416 0.765429
0.079220 0.557869 0.826140
0.024775 0.038972 -0.998933
0.140086 0.059094 -0.988374
0.955374 -0.169900 0.241650
0.927639 -0.166948 0.334087
0.976626 -0.181397 -0.115309
0.891440 -0.009298 0.453044
0.977082 -0.072487 0.200141
0.888748 -0.355821 0.288995
-0.114955 -0.865428 0.487668
-0.007035 -0.874512 0.484952
-0.063943 -0.868139 0.492185
-0.434146 0.186399 0.881347
-0.854672 0.076020 0.513573
-0.027349 -0.114786 0.993014
-0.194671 0.505641 0.840494
0.280575 0.817199 0.503451
-0.099780 0.626456 0.773044
0.210316 0.831276 0.514536
-0.334191 0.402576 0.852202
-0.802676 0.368936 0.468612
-0.945521 0.292302 0.143353
0.175563 0.727686 0.663061
0.264036 0.667712 0.696022
0.415446 0.638126 0.648228
0.169087 0.655120 0.736361
0.339503 0.125964 -0.932132
0.599733 0.180951 -0.779472
-0.285988 0.163030 -0.944263
-0.192711 0.075157 -0.978373
-0.047457 0.014220 -0.998772
0.967663 -0.250442 -0.030100
0.861499 -0.015419 0.507526
0.917288 -0.103947 0.384419
0.632474 -0.549044 0.546376
0.721538 -0.409172 0.558535
0.892431 -0.444863 0.075259
0.866461 -0.160732 0.472663
0.928860 -0.369315 0.028720
0.798618 0.474910 0.369687
0.758568 0.492047 0.427159
0.969955 0.220074 0.103703
0.957082 -0.093363 0.274369
0.901756 -0.297753 0.313337
0.648131 -0.662868 0.374877
0.643546 -0.671571 0.367207
0.794426 -0.383363 0.471084
0.544045 -0.629075 0.555229
0.581755 -0.554148 0.595383
0.937383 0.345666 0.042766
0.315111 0.758146 0.570894
0.247504 0.840026 0.482803
0.345849 0.909138 0.232072
0.153041 0.880519 0.448625
-0.301537 0.704286 0.642695
-0.133793 0.896008 0.423401
-0.559325 0.568058 0.603710
-0.566162 0.701289 0.433190
-0.769328 0.629916 0.106491
-0.322709 0.043506 0.945498
-0.265613 0.225864 0.937249
-0.104109 0.475958 0.873284
-0.109340 0.390433 0.914115
0.673117 0.731403 0.109377
0.385526 0.891469 0.238017
0.663541 0.729114 0.167649
0.279740 0.696617 0.660659
-0.004717 0.757834 0.652430
0.508518 0.331547 0.794661
0.854237 0.135096 0.502025
0.960387 -0.250198 0.122711
0.878215 0.302404 0.370526
0.490151 0.569268 0.660065
0.369062 0.642061 0.671975
0.461181 0.556110 0.691414
0.861304 -0.280283 0.423788
0.785682 0.009990 0.618550
0.750093 -0.363921 0.552197
0.038390 0.999252 -0.004640
-0.054708 0.998483 -0.006223
0.095392 0.995128 0.024914
-0.108233 0.847754 -0.519230
0.195983 0.784041 0.588957
0.244257 0.968004 0.057503
-0.008545 0.955962 0.293367
-0.130339 0.257650 -0.957407
-0.032977 0.116601 -0.992631
0.047414 0.286822 -0.956810
0.953642 0.217127 -0.208379
0.729980 -0.278848 -0.623998
0.961243 0.243995 0.128371
0.581116 0.762220 0.285177
-0.262135 0.850185 0.456587
-0.787819 0.540065 0.296094
-0.277991 0.907963 0.313566
-0.105241 0.879510 0.464098
0.297495 0.945942 0.129191
-0.134368 0.973104 -0.187122
-0.032579 0.961371 -0.273320
-0.371694 0.926936 0.051307
0.227578 0.973749 0.004629
0.260469 0.394781 0.881081
0.250755 0.670292 0.698449
0.432648 0.629716 0.645193
0.458571 0.675162 0.577813
0.477516 0.650623 0.590481
0.533028 0.743708 0.403458
0.014215 0.945862 -0.324259
0.066600 0.967444 -0.244163
0.146166 0.913067 0.380714
0.074072 0.926546 0.368816
0.206209 0.937109 0.281610
0.170306 0.823611 -0.540982
-0.913852 0.193557 -0.356946
-0.944899 -0.315850 -0.086051
-0.976939 0.126224 -0.172215
-0.949615 -0.090030 0.300211
-0.996587 0.023463 0.079144
-0.980167 -0.198170 0.001153
-0.555427 -0.831225 0.023785
-0.526964 -0.849037 0.038013
-0.549133 -0.833909 0.055216
-0.385855 -0.914358 0.122742
0.002105 -0.992617 0.121270
0.050734 -0.935378 -0.349992
0.114926 -0.987954 -0.103626
0.242874 -0.963459 0.112960
-0.198314 -0.528243 0.825610
-0.107940 -0.774922 0.622771
0.293289 -0.836777 0.462369
0.112656 -0.959598 0.257837
0.163752 -0.474718 -0.864770
-0.146483 -0.309976 -0.939392
-0.918585 -0.187629 -0.347847
-0.839976 -0.235002 -0.489095
-0.517941 -0.688501 -0.507645
-0.458294 -0.888422 0.025931
0.062864 -0.912850 -0.403427
-0.141473 -0.967924 -0.207623
0.044587 -0.746726 -0.663636
-0.158445 -0.232910 0.959504
-0.135939 -0.122675 0.983093
-0.146735 -0.332616 0.931577
-0.469420 -0.292154 0.833242
-0.377612 -0.224463 0.898346
0.030373 -0.381562 0.923844
-0.226602 -0.052947 0.972547
-0.132587 -0.045670 0.990119
-0.217952 -0.073315 0.973202
-0.747997 -0.654894 -0.107768
-0.997307 -0.044370 -0.058400
-0.997155 -0.073230 0.017879
-0.718580 -0.560077 -0.412257
-0.829515 0.138254 -0.541101
-0.832946 0.531914 -0.152540
-0.769505 -0.449511 -0.453654
-0.698912 -0.199504 0.686819
-0.165675 -0.332645 0.928385
-0.084745 -0.442392 0.892809
-0.666298 -0.246366 0.703811
0.136005 -0.481596 0.865776
0.161210 -0.479715 0.862487
0.017394 -0.282899 0.958992
0.124351 -0.234157 -0.964213
-0.064773 -0.968394 -0.240870
0.194250 -0.809579 -0.553939
0.475363 -0.503733 -0.721306
-0.847972 -0.513819 -0.130128
-0.910662 -0.385425 -0.148803
-0.940613 -0.338514 -0.025590
-0.612094 -0.458640 -0.644197
-0.402816 -0.898113 0.176442
-0.583643 -0.725263 -0.365177
0.071229 -0.566972 0.820651
-0.168678 -0.791746 0.587099
0.821388 -0.506810 -0.261661
-0.435745 0.263136 -0.860747
0.786390 -0.503484 -0.357902
0.754920 -0.499784 -0.424631
-0.960325 0.278479 -0.014976
-0.421150 0.504139 0.753974
-0.837028 0.455630 0.302961
-0.715204 0.676878 0.174126
0.270945 -0.341152 -0.900113
0.404184 0.728547 -0.553041
0.563412 0.592001 -0.576283
0.853453 -0.470476 0.224211
0.730133 -0.496970 -0.468963
0.785851 -0.561504 -0.259136
-0.409450 0.233194 -0.882027
0.545310 -0.162387 -0.822354
-0.684890 0.426176 -0.591015
-0.476489 0.282160 0.832673
-0.795653 0.095313 -0.598208
-0.463901 0.316170 0.827546
-0.795697 0.593195 0.122420
-0.898567 0.331585 -0.287453
0.249488 0.095044 -0.963702
0.720775 -0.337350 0.605539
0.019076 -0.513545 0.857850
0.470649 -0.330071 0.818256
0.434046 -0.285207 0.854553
0.803036 -0.589588 -0.086711
0.721883 -0.498340 -0.480148
-0.160196 -0.867470 -0.470991
0.401641 -0.880087 -0.253243
-0.058095 -0.276995 -0.959113
-0.372699 0.454938 0.808781
-0.369475 0.226464 0.901223
-0.230048 0.092470 0.968776
-0.385105 0.922076 -0.038354
-0.902542 0.430213 0.018306
-0.333104 0.134198 -0.933291
-0.491659 0.757250 0.429934
-0.208791 0.887818 0.410104
-0.196245 0.979526 -0.044910
-0.115320 0.988102 0.101766
-0.276063 0.816905 -0.506415
-0.320338 0.861879 -0.393128
-0.819870 -0.182775 -0.542592
-0.009270 0.130709 -0.991377
0.681827 -0.656133 -0.323421
0.714429 -0.542907 -0.441411
0.446015 0.296624 0.844443
0.515383 -0.771854 -0.372320
0.619242 -0.590636 0.517386
0.607107 -0.794055 -0.029954
-0.728756 0.178744 0.661033
-0.540046 -0.260822 0.800201
0.242186 -0.939023 0.244094
0.292501 -0.901278 0.319596
-0.086482 -0.939931 0.330227
-0.254028 -0.275195 0.927220
-0.064664 -0.181753 0.981216
0.332625 -0.729545 -0.597599
0.328842 -0.912196 0.244461
0.396814 -0.881390 -0.256302
-0.169000 -0.482225 -0.859592
-0.341223 -0.430671 -0.835517
-0.261483 -0.379852 -0.887321
-0.383283 -0.285369 -0.878441
-0.793526 -0.593546 -0.134236
-0.710088 -0.702225 0.051522
-0.767258 -0.578804 0.276226
-0.326837 -0.366850 0.870976
-0.108781 -0.496522 0.861181
-0.913068 0.227094 -0.338727
-0.445700 0.082456 0.891377
-0.413363 0.402528 0.816764
0.413363 -0.402528 -0.816764
-0.365876 0.451673 0.813711
-0.248670 -0.046622 0.967466
-0.728264 -0.286055 0.622739
-0.841267 -0.211229 0.497646
-0.377239 -0.321215 0.868626
-0.590488 -0.351150 0.726648
-0.550262 -0.557639 0.621490
-0.347352 -0.648081 0.677744
-0.354147 -0.550530 0.755974
-0.111866 -0.787971 0.605464
0.393132 0.740022 -0.545724
-0.055513 -0.976481 0.208333
-0.214813 -0.258549 0.941811
-0.175170 -0.075114 0.981669
-0.337422 0.315499 0.886909
-0.498019 -0.867120 0.008993
-0.280814 -0.386199 0.878632
0.010802 -0.425717 0.904792
-0.166150 -0.713429 0.680745
-0.080376 -0.785543 0.613565
0.156410 -0.471039 0.868135
0.129633 -0.534497 0.835170
0.255506 -0.551599 0.794012
0.029723 -0.755969 0.653932
0.112846 -0.641807 0.758518
0.108358 -0.934723 0.338454
0.075451 -0.982486 -0.170379
-0.964517 -0.261365 0.037341
-0.800002 -0.033812 0.599044
-0.515681 -0.481349 -0.708785
-0.488209 -0.296521 0.820809
-0.510742 -0.397799 0.762167
-0.577527 -0.080640 0.812379
-0.941542 -0.028751 0.335665
-0.441803 0.200433 0.874435
-0.290904 -0.204305 -0.934684
-0.313541 -0.215315 -0.924841
-0.351071 -0.220212 -0.910086
-0.668823 0.732457 -0.127210
-0.980198 -0.133131 -0.146590
-0.888441 0.370627 0.270753
-0.972176 -0.230495 0.041773
-0.014103 0.029790 -0.999457
-0.001434 0.076740 -0.997050
-0.298231 -0.221142 -0.928523
0.002684 -0.010753 -0.999939
0.007858 -0.050091 -0.998714
0.032657 -0.062784 -0.997493
0.283902 -0.515632 -0.808408
0.201227 -0.089634 -0.975435
0.013751 0.017835 -0.999746
-0.138316 0.170823 -0.975545
0.001994 0.002955 -0.999994
-0.112636 -0.089899 0.989561
0.020744 0.008632 0.999748
0.011072 -0.021346 -0.999711
0.001104 0.000361 -0.999999
0.001625 -0.018496 -0.999828
-0.762679 -0.574208 0.297668
-0.409258 -0.576029 0.707600
-0.425924 -0.624982 0.654206
-0.440237 -0.670482 0.597197
-0.735794 -0.505812 0.450290
0.205865 -0.838017 0.505319
0.084537 -0.994799 0.056818
0.227780 -0.913539 0.336992
-0.247653 -0.494662 0.833053
0.089198 -0.014797 0.995904
0.256140 -0.122507 0.958845
-0.021935 -0.587033 0.809266
-0.210948 0.183105 0.960194
0.082662 0.004652 0.996567
-0.118841 -0.445698 0.887260
0.043254 -0.064636 0.996971
0.274136 -0.213695 0.937648
-0.060171 0.273520 0.959982
0.001144 -0.742914 0.669385
0.066380 -0.800378 0.595809
-0.028125 -0.749088 0.661873
-0.212498 0.241052 0.946963
-0.229928 0.069203 0.970744
0.294582 0.249174 -0.922569
0.009677 0.072295 0.997336
0.352841 -0.143406 0.924629
0.152888 -0.797668 0.583396
0.190271 -0.634087 0.749487
-0.871776 0.100226 0.479542
-0.806131 0.198531 0.557438
-0.899607 -0.120542 0.419734
-0.465061 0.307547 0.830141
-0.002129 0.000619 -0.999998
0.002509 0.003229 -0.999992
0.047343 0.059131 -0.997127
0.002495 0.003242 -0.999992
0.002089 0.003817 -0.999991
0.039445 -0.071014 -0.996695
0.241627 -0.726414 0.643381
0.138775 -0.620895 0.771512
-0.079777 0.634558 -0.768747
-0.101359 -0.994693 -0.017684
0.904194 -0.058907 0.423041
0.811494 -0.580809 0.064335
0.765939 -0.574226 -0.289139
0.690540 -0.675470 -0.258640
0.457802 -0.002349 0.889051
0.811830 -0.136655 0.567678
0.465957 -0.387876 0.795258
0.996859 -0.000559 -0.079196
0.991344 0.115104 0.063149
0.857728 -0.461641 0.226254
0.859195 -0.409670 0.306519
0.828862 -0.393056 0.398115
0.790583 -0.372674 0.485894
0.802894 0.078075 0.590987
0.816781 0.075542 0.571981
0.845213 0.111061 0.522762
0.492832 0.239670 0.836466
0.447895 -0.057674 0.892224
0.733569 -0.486046 0.475012
0.614434 -0.474429 0.630387
0.054072 -0.877670 0.476205
0.039840 -0.872673 0.486677
0.041479 -0.856569 0.514363
-0.017058 -0.830231 0.557158
-0.115570 -0.735551 0.667539
-0.116194 -0.859242 0.498199
-0.314690 -0.665938 0.676386
-0.454818 0.276760 0.846489
-0.347110 0.260208 0.901003
0.123008 0.885369 0.448320
0.067985 0.942123 0.328301
0.103656 0.914508 0.391064
0.079863 0.884210 0.460211
-0.526270 0.408200 0.745931
-0.403022 0.385305 0.830129
-0.914792 0.104442 0.390189
-0.288798 0.028737 0.956959
-0.464161 -0.279648 0.840447
-0.005306 -0.008590 -0.999949
-0.040229 0.011588 -0.999123
-0.003730 -0.011433 -0.999928
0.867920 0.490302 -0.079492
-0.000615 0.000976 -0.999999
0.457011 0.865832 0.203658
0.237779 0.668366 0.704803
0.334083 0.662498 0.670436
0.421301 0.690925 0.587476
0.409493 0.875778 0.255595
0.038372 0.018614 0.999090
0.038705 0.017308 -0.999101
0.003326 0.005122 -0.999981
-0.455286 0.328065 -0.827700
0.077179 0.021131 -0.996793
0.600979 0.509044 0.616196
0.493503 0.322683 0.807670
0.478455 0.406038 0.778597
0.958793 0.074970 -0.274034
0.797791 -0.232408 0.556342
0.919163 0.203857 0.337020
0.752320 -0.312356 0.580042
0.764162 -0.357234 0.537065
0.369792 0.215892 -0.903684
0.794291 0.224856 0.564394
0.789660 0.596663 0.142937
0.838043 0.423408 0.344107
0.744162 0.420473 0.519062
0.973658 -0.042342 0.224046
0.731537 -0.496049 0.467748
0.851068 -0.219554 0.476948
-0.009462 -0.675487 0.737311
0.587333 0.282417 0.758473
0.052259 0.896258 0.440444
0.921974 -0.318277 -0.220596
0.082585 0.693325 0.715877
-0.463816 0.747240 0.475928
-0.496321 0.699087 0.514726
-0.454224 0.562275 0.691034
-0.335945 0.563707 0.754570
-0.722565 0.688526 -0.061899
-0.205943 0.203397 0.957192
-0.239452 0.194648 0.951197
-0.023731 0.994155 0.105319
0.595973 0.628524 0.499774
0.447287 0.695407 0.562444
0.069347 0.880166 0.469573
0.251872 0.504514 -0.825849
0.016255 0.071365 -0.997318
-0.007653 0.067841 -0.997667
0.069674 -0.267931 -0.960916
0.314313 0.105685 -0.943418
0.870710 0.489632 -0.046086
0.497623 0.404482 0.767311
0.492280 0.416126 0.764526
0.486852 0.427699 0.761609
0.508172 0.342694 0.790141
0.818062 0.538517 -0.201926
0.689005 0.684655 -0.237737
0.486409 0.522045 0.700625
0.433867 0.564426 0.702270
0.167921 0.761726 0.625761
0.432958 0.567086 0.700686
0.821841 -0.384904 0.420032
0.065261 -0.997385 0.031064
0.708453 -0.538167 0.456586
0.825196 -0.131487 0.549329
0.025764 0.865765 0.499786
-0.402791 0.913877 0.050887
0.369621 0.649435 -0.664540
0.204860 0.703953 -0.680060
0.738436 0.673988 0.021255
0.999942 -0.010747 -0.000787
0.086598 0.665437 0.741414
0.486883 0.677057 0.551850
0.634138 -0.494933 -0.594063
0.508311 -0.219576 -0.832710
0.707464 0.143038 0.692124
0.562947 0.776064 0.284281
0.831057 -0.516663 0.205922
0.944262 0.100202 0.313574
0.683521 -0.649232 0.333612
0.782758 -0.550580 0.290090
0.741264 0.522532 0.421292
0.636976 0.400512 0.658674
0.637662 0.404875 0.655335
0.500341 0.600424 0.623818
-0.595664 -0.543673 -0.591273
-0.267610 0.958228 0.100917
0.390817 0.914511 0.104554
0.361135 0.627175 0.690096
-0.034719 0.833101 0.552030
-0.009492 0.067147 -0.997698
0.256033 0.958030 0.128940
0.729896 -0.238996 0.640417
0.633160 -0.287036 0.718831
0.904251 -0.426850 -0.011393
0.103510 0.320105 -0.941710
0.568963 0.439680 -0.694955
0.825282 0.546873 0.140850
0.505428 0.703372 0.499810
0.440562 0.889331 0.122453
0.641312 0.692946 0.329461
-0.047465 0.998372 0.031613
0.269843 0.935517 0.228018
0.217453 0.894548 0.390511
0.098786 -0.461945 -0.881390
0.791983 0.332116 -0.512311
0.521179 0.570532 -0.634717
0.415755 0.881127 -0.225305
0.385502 0.890069 -0.243242
0.269308 0.652848 -0.707999
0.440810 0.659378 -0.609021
0.595851 0.387412 0.703472
-0.772905 0.277568 -0.570591
-0.584756 0.209154 -0.783783
-0.300969 -0.391357 0.869631
-0.349018 -0.936538 -0.032919
-0.659728 -0.716470 -0.226780
-0.554299 -0.831426 0.038507
-0.298193 -0.953909 -0.033728
0.088721 -0.916007 -0.391229
0.211833 -0.905091 0.368698
0.226888 -0.955862 -0.186681
0.241626 -0.935058 -0.259392
-0.104241 -0.012255 -0.994477
0.071557 -0.932926 0.352887
0.159673 -0.940420 -0.300190
0.123824 -0.982551 0.138786
0.007423 -0.051810 0.998629
0.011170 -0.075261 0.997101
-0.019729 -0.314929 0.948910
-0.002634 -0.999996 0.000718
0.056359 -0.088901 0.994445
-0.008963 -0.063121 0.997966
-0.115001 -0.223721 0.967845
0.028401 -0.054047 -0.998134
-0.005645 0.042715 -0.999071
-0.039632 0.139029 -0.989495
-0.762533 -0.469349 0.445259
-0.979175 -0.013580 0.202562
-0.871407 -0.460754 -0.168393
0.147305 -0.829663 0.538479
-0.216675 -0.375832 0.901001
-0.147170 -0.364133 0.919646
-0.237177 -0.070727 0.968888
-0.242474 -0.258718 0.935025
-0.583864 0.130516 0.801292
-0.202891 -0.097858 0.974299
-0.099874 -0.090051 0.990917
-0.062404 -0.079145 0.994908
-0.201227 0.089634 0.975435
-0.157017 0.055017 0.986062
-0.145643 -0.232254 0.961689
-0.209547 -0.043312 0.976839
-0.190918 -0.050040 0.980330
-0.840487 -0.364408 -0.400984
-0.301445 -0.863981 -0.403320
-0.183864 -0.961286 0.205240
0.093945 -0.874451 0.475931
-0.129630 -0.772949 0.621085
-0.252490 -0.796317 0.549662
-0.453819 -0.887757 -0.077048
-0.651829 -0.720341 0.237123
0.016238 -0.039757 0.999077
0.572860 0.372740 -0.729998
0.101830 -0.211672 -0.972022
0.201474 -0.449182 0.870427
-0.243314 -0.216292 0.945524
0.049049 -0.522952 0.850950
0.110711 -0.483165 0.868501
0.666174 -0.745567 0.018509
0.632103 -0.774050 0.035947
-0.303920 -0.540718 -0.784383
-0.661337 -0.711424 0.237716
-0.844349 -0.125034 0.521001
-0.925066 -0.378179 0.035131
-0.590991 -0.629137 0.504893
-0.116929 -0.243468 0.962835
0.817588 -0.573025 0.056492
-0.767676 -0.631544 -0.108751
-0.953371 -0.285415 0.098090
0.267296 -0.924062 -0.273243
0.400774 -0.794194 -0.456768
0.075549 -0.646961 -0.758771
0.198481 -0.961652 -0.189290
0.346248 -0.530853 -0.773503
0.180734 -0.834192 0.521016
0.132962 -0.564458 0.814683
-0.732142 -0.652075 -0.196893
0.213783 -0.718840 -0.661488
0.206705 -0.474386 -0.855705
0.090618 -0.446051 -0.890408
-0.327652 -0.516671 -0.791009
0.040009 -0.361250 -0.931610
0.031858 -0.374359 -0.926736
0.054123 -0.910340 -0.410306
0.070707 -0.567636 0.820237
-0.221168 -0.557209 0.800377
-0.258203 -0.255007 0.931827
570
0 0 1 2 0 1 2 2
0 3 4 5 3 4 5 2
0 6 7 2 6 7 2 2
0 8 9 10 8 8 9 2
0 11 12 13 10 11 12 2
0 14 15 16 13 14 15 2
0 17 18 4 16 17 4 2
0 19 20 21 18 19 20 2
0 22 23 24 21 22 23 2
0 11 25 12 10 24 11 2
0 26 27 28 25 26 27 2
0 29 30 31 28 29 30 2
0 32 33 34 31 32 33 2
0 24 35 36 23 34 35 2
0 37 24 23 36 23 22 2
0 6 38 39 6 37 38 2
0 40 41 42 39 40 41 2
0 43 44 45 42 43 42 2
0 46 47 48 44 45 46 2
0 49 50 51 47 48 49 2
0 52 53 54 50 50 51 2
0 55 42 56 52 41 53 2
0 57 58 59 54 55 56 2
0 60 61 62 57 58 59 2
0 63 64 65 60 61 62 2
0 66 67 68 63 64 65 2
0 69 70 71 66 67 68 2
0 72 73 74 69 70 71 2
0 75 76 77 72 73 74 2
0 78 79 80 75 76 77 2
0 81 54 82 78 51 79 2
0 83 84 85 80 81 82 2
0 86 87 88 83 84 85 2
0 88 87 89 85 84 86 2
0 90 91 60 87 88 57 2
0 91 92 93 88 89 90 2
0 94 95 96 91 92 93 2
0 97 98 99 94 94 95 2
0 100 101 102 96 97 98 2
0 103 104 105 99 100 101 2
0 106 107 108 102 103 104 2
0 109 110 111 105 106 107 2
0 112 113 114 108 109 110 2
0 83 115 116 80 111 111 2
0 117 84 83 112 81 80 2
0 117 88 89 112 85 86 2
0 118 119 90 113 114 87 2
0 120 121 94 115 116 91 2
0 94 121 122 91 116 117 2
0 94 123 95 91 118 92 2
0 99 124 125 95 119 120 2
0 126 127 128 121 122 123 2
0 129 130 131 124 125 126 2
0 132 133 134 127 128 129 2
0 135 104 136 130 100 131 2
0 137 135 138 132 130 133 2
0 139 140 141 134 135 136 2
0 142 143 144 137 138 139 2
0 145 146 147 140 140 141 2
0 148 149 150 142 142 142 2
0 151 152 153 143 144 145 2
0 153 152 154 145 144 146 2
0 117 83 155 112 80 147 2
0 156 157 158 148 148 148 2
0 118 159 160 113 149 150 2
0 119 118 161 114 113 151 2
0 162 163 164 152 153 154 2
0 164 165 121 154 155 116 2
0 166 167 168 156 157 158 2
0 169 170 171 159 160 160 2
0 172 173 174 161 162 163 2
0 136 175 135 131 164 130 2
0 135 175 138 130 164 133 2
0 176 177 178 165 166 167 2
0 179 144 180 168 139 169 2
0 180 144 181 169 139 170 2
0 182 183 184 171 171 172 2
0 184 185 186 172 173 173 2
0 153 187 188 145 174 174 2
0 167 153 168 157 145 158 2
0 189 190 191 175 175 175 2
0 192 167 193 176 157 176 2
0 194 167 195 177 157 177 2
0 196 197 198 178 179 180 2
0 199 200 201 181 182 183 2
0 175 201 202 164 183 184 2
0 203 204 205 185 186 187 2
0 205 206 207 187 188 189 2
0 208 209 210 190 191 192 2
0 211 184 209 193 172 191 2
0 212 213 214 194 195 194 2
0 215 216 217 196 197 198 2
0 217 216 218 198 197 199 2
0 208 205 207 190 187 189 2
0 209 219 220 191 200 201 2
0 221 222 223 202 203 204 2
0 209 208 224 191 190 205 2
0 225 226 227 206 207 208 2
0 228 229 227 209 210 208 2
0 227 230 47 208 211 45 2
0 231 81 232 212 78 213 2
0 233 234 232 214 215 213 2
0 235 56 236 216 53 217 2
0 237 238 239 218 219 218 2
0 240 241 64 220 221 61 2
0 242 243 244 222 222 223 2
0 245 246 247 224 225 224 2
0 227 46 248 208 44 226 2
0 248 46 249 226 44 227 2
0 250 251 252 228 228 229 2
0 253 254 255 230 231 232 2
0 255 254 236 232 231 217 2
0 255 236 41 232 217 40 2
0 256 257 258 233 234 235 2
0 259 260 261 236 237 238 2
0 262 263 264 239 240 241 2
0 265 266 267 242 243 244 2
0 266 14 267 243 13 244 2
0 15 268 269 14 245 245 2
0 270 267 271 246 244 247 2
0 272 15 14 248 14 13 2
0 273 50 274 249 48 249 2
0 275 276 277 250 251 251 2
0 278 279 280 252 252 252 2
0 281 282 44 253 254 43 2
0 44 283 284 43 255 255 2
0 285 286 287 256 256 256 2
0 288 289 290 257 257 258 2
0 291 290 292 259 258 259 2
0 293 294 295 260 261 262 2
0 296 297 298 263 263 263 2
0 299 300 301 264 265 265 2
0 299 302 303 264 266 267 2
0 10 304 305 9 268 268 2
0 7 306 0 7 269 0 2
0 2 7 0 2 7 0 2
0 10 307 308 9 270 271 2
0 16 309 19 15 272 18 2
0 310 4 3 273 4 3 2
0 311 312 19 274 274 18 2
0 19 313 271 18 275 247 2
0 6 2 314 6 2 276 2
0 315 316 317 277 278 277 2
0 27 318 319 26 279 279 2
0 320 321 308 280 281 271 2
0 321 10 308 281 9 271 2
0 322 323 0 282 282 0 2
0 0 324 1 0 283 1 2
0 325 326 327 284 284 284 2
0 14 16 19 13 15 18 2
0 19 271 14 18 247 13 2
0 18 17 328 17 16 285 2
0 329 330 331 286 286 286 2
0 332 17 4 287 16 4 2
0 20 333 334 19 288 288 2
0 335 20 19 289 19 18 2
0 7 6 336 7 6 290 2
0 337 338 10 291 291 9 2
0 339 13 340 292 12 292 2
0 12 341 342 11 293 293 2
0 13 12 343 12 11 294 2
0 344 27 345 295 26 295 2
0 346 308 26 296 271 25 2
0 347 348 349 297 297 298 2
0 350 1 351 299 1 299 2
0 352 353 354 300 301 302 2
0 355 356 357 303 303 303 2
0 358 359 360 304 304 304 2
0 361 127 126 305 122 121 2
0 362 363 364 306 306 306 2
0 365 366 367 307 307 308 2
0 368 369 367 309 309 308 2
0 370 31 367 310 30 308 2
0 31 30 367 30 29 308 2
0 31 371 29 30 311 28 2
0 372 16 373 312 15 312 2
0 33 29 34 32 28 33 2
0 374 7 375 313 7 313 2
0 6 39 336 6 38 290 2
0 376 10 321 314 9 281 2
0 321 377 378 281 315 315 2
0 379 380 381 316 316 316 2
0 321 24 36 281 23 35 2
0 24 37 35 23 36 34 2
0 22 382 23 21 317 22 2
0 23 383 384 22 318 318 2
0 385 27 386 319 26 319 2
0 387 388 389 320 321 320 2
0 41 56 42 40 53 41 2
0 390 391 392 322 323 324 2
0 393 394 395 325 325 326 2
0 390 396 397 322 327 328 2
0 41 40 398 40 39 329 2
0 390 397 391 322 328 323 2
0 399 73 400 330 70 331 2
0 73 401 400 70 332 331 2
0 400 401 402 331 332 333 2
0 225 403 226 206 334 207 2
0 404 405 226 335 336 207 2
0 406 407 408 337 337 337 2
0 76 409 410 73 338 338 2
0 405 229 228 336 210 209 2
0 411 227 229 339 208 210 2
0 76 412 413 73 340 340 2
0 414 415 416 341 341 341 2
0 417 418 419 342 342 342 2
0 420 421 422 343 343 343 2
0 78 423 79 75 344 76 2
0 424 425 426 345 346 346 2
0 427 428 429 347 347 347 2
0 430 431 424 348 348 345 2
0 432 433 434 349 350 349 2
0 433 435 436 350 351 351 2
0 437 433 54 352 350 51 2
0 438 439 440 353 353 353 2
0 81 441 54 78 354 51 2
0 442 443 444 355 355 355 2
0 109 445 446 105 356 357 2
0 233 447 234 214 358 215 2
0 448 445 449 359 356 359 2
0 235 254 234 216 231 215 2
0 445 85 450 356 82 360 2
0 56 235 55 53 216 52 2
0 235 451 55 216 361 52 2
0 55 452 453 52 362 362 2
0 454 455 456 363 363 363 2
0 42 55 457 41 52 364 2
0 458 459 40 365 365 39 2
0 460 461 40 366 366 39 2
0 40 462 463 39 367 368 2
0 40 463 464 39 368 369 2
0 465 59 58 370 56 55 2
0 466 59 465 371 56 371 2
0 59 90 57 56 87 54 2
0 467 57 62 372 54 59 2
0 57 90 62 54 87 59 2
0 90 60 62 87 57 59 2
0 64 468 65 61 373 62 2
0 61 60 469 58 57 374 2
0 469 60 470 375 57 376 2
0 471 63 65 377 60 62 2
0 246 472 473 225 378 379 2
0 472 474 473 380 380 379 2
0 475 476 477 381 381 381 2
0 476 470 477 382 376 382 2
0 478 477 470 383 384 376 2
0 479 480 481 385 386 386 2
0 482 246 473 387 225 379 2
0 483 484 485 388 389 389 2
0 68 484 66 65 390 63 2
0 486 67 66 391 64 63 2
0 487 488 489 392 392 393 2
0 489 488 490 393 394 394 2
0 490 491 489 395 395 393 2
0 492 493 494 396 397 397 2
0 489 495 496 393 398 399 2
0 495 497 496 398 400 400 2
0 70 69 498 67 66 401 2
0 499 500 501 402 403 402 2
0 500 502 501 403 404 404 2
0 503 70 498 405 67 401 2
0 401 73 72 332 70 69 2
0 504 505 506 406 406 406 2
0 506 507 504 407 407 407 2
0 505 508 506 408 408 408 2
0 77 76 509 74 73 409 2
0 510 76 75 410 73 72 2
0 75 511 510 72 411 412 2
0 511 79 510 411 76 413 2
0 80 79 512 77 76 414 2
0 512 513 80 414 415 77 2
0 513 512 514 416 414 417 2
0 513 514 515 418 417 418 2
0 514 516 515 417 419 419 2
0 515 516 517 420 420 420 2
0 517 518 515 421 421 421 2
0 519 109 520 422 105 422 2
0 445 109 521 356 105 423 2
0 522 523 524 424 424 424 2
0 85 445 521 82 356 425 2
0 83 85 521 80 82 426 2
0 525 55 526 427 52 427 2
0 55 527 526 52 428 428 2
0 87 84 89 84 81 86 2
0 90 59 528 87 56 429 2
0 59 466 528 56 430 429 2
0 528 466 529 429 431 431 2
0 530 531 532 432 432 432 2
0 60 91 93 57 88 90 2
0 478 470 93 383 376 90 2
0 92 478 93 89 383 90 2
0 483 533 534 388 433 433 2
0 99 483 534 95 388 434 2
0 535 124 99 435 119 95 2
0 484 483 99 436 388 95 2
0 491 495 489 437 398 393 2
0 495 536 497 398 438 438 2
0 537 538 539 439 439 439 2
0 538 540 539 440 440 440 2
0 541 542 543 441 441 441 2
0 73 399 74 70 330 71 2
0 544 540 538 442 442 442 2
0 134 545 546 129 443 444 2
0 547 548 546 445 445 444 2
0 546 548 134 444 446 129 2
0 549 550 551 447 447 447 2
0 545 101 546 443 97 444 2
0 100 547 101 96 448 97 2
0 552 553 554 449 449 449 2
0 101 103 555 97 99 450 2
0 556 555 103 451 451 99 2
0 104 135 556 100 130 452 2
0 556 135 557 453 130 454 2
0 558 556 557 455 455 454 2
0 559 560 561 456 456 456 2
0 560 79 561 457 76 457 2
0 561 79 511 458 76 411 2
0 562 512 79 459 414 76 2
0 512 562 514 414 459 417 2
0 562 563 514 459 460 417 2
0 564 141 565 461 136 461 2
0 516 514 147 462 417 141 2
0 566 567 107 463 463 103 2
0 107 567 108 103 464 104 2
0 568 569 570 465 465 465 2
0 570 569 571 466 466 467 2
0 108 572 573 104 468 468 2
0 519 571 111 469 467 107 2
0 574 112 114 470 108 110 2
0 574 575 112 471 471 108 2
0 576 577 578 472 473 473 2
0 153 154 578 145 146 474 2
0 578 154 576 475 146 472 2
0 154 152 576 146 144 472 2
0 89 84 117 86 81 112 2
0 118 529 159 113 476 149 2
0 579 88 117 477 85 112 2
0 529 118 528 478 113 429 2
0 528 118 90 429 113 87 2
0 91 90 119 88 87 114 2
0 119 92 91 114 89 88 2
0 580 162 581 479 152 479 2
0 581 162 582 480 152 480 2
0 583 534 584 481 481 481 2
0 479 481 534 385 482 482 2
0 534 481 584 483 483 483 2
0 585 586 587 484 484 484 2
0 533 479 534 485 385 485 2
0 123 94 122 118 91 117 2
0 588 589 590 486 486 486 2
0 591 95 123 487 92 118 2
0 592 169 591 488 159 487 2
0 591 169 95 487 159 92 2
0 593 95 169 489 92 159 2
0 594 595 596 490 490 490 2
0 597 598 599 491 491 491 2
0 600 491 601 492 492 492 2
0 491 490 601 493 493 493 2
0 601 490 126 494 494 121 2
0 602 491 600 495 495 495 2
0 603 173 130 496 162 125 2
0 604 605 606 497 497 497 2
0 606 605 607 498 498 498 2
0 129 131 608 124 126 499 2
0 608 131 609 500 126 501 2
0 609 133 608 501 128 502 2
0 608 133 610 503 128 503 2
0 611 612 613 504 504 504 2
0 104 614 609 100 505 501 2
0 614 545 609 505 443 501 2
0 609 545 134 501 443 129 2
0 104 103 614 100 99 505 2
0 614 103 545 505 99 443 2
0 139 615 138 134 506 133 2
0 138 615 137 133 507 132 2
0 560 562 79 508 459 76 2
0 141 615 139 136 509 134 2
0 565 141 144 510 136 139 2
0 141 616 144 136 511 139 2
0 179 142 144 168 137 139 2
0 571 569 111 467 512 107 2
0 111 569 617 107 513 513 2
0 618 203 619 514 185 514 2
0 167 151 153 157 143 145 2
0 620 621 622 515 515 515 2
0 623 624 155 516 516 147 2
0 625 626 627 517 517 517 2
0 628 117 155 518 112 147 2
0 155 624 628 147 519 519 2
0 624 629 628 520 520 520 2
0 161 630 119 151 521 114 2
0 165 164 580 155 154 522 2
0 631 162 164 523 152 154 2
0 121 120 164 116 115 154 2
0 120 96 164 115 93 154 2
0 632 633 634 524 524 524 2
0 168 635 636 158 525 525 2
0 122 121 637 117 116 526 2
0 638 639 640 527 527 527 2
0 198 641 642 180 528 528 2
0 198 197 643 180 179 529 2
0 197 644 643 179 530 530 2
0 645 646 647 531 531 531 2
0 646 648 647 532 532 532 2
0 199 201 603 181 183 533 2
0 173 136 174 162 131 163 2
0 607 605 649 534 534 535 2
0 649 605 650 535 536 536 2
0 651 609 131 537 501 126 2
0 174 104 651 163 100 538 2
0 104 609 651 100 501 539 2
0 174 136 104 163 131 100 2
0 652 653 178 540 540 167 2
0 654 652 178 541 541 167 2
0 655 654 177 542 542 166 2
0 177 654 178 166 543 167 2
0 144 616 181 139 544 170 2
0 656 657 658 545 545 545 2
0 659 660 181 546 547 170 2
0 660 180 181 547 169 170 2
0 203 205 619 185 187 548 2
0 619 209 184 549 191 172 2
0 661 662 663 550 550 550 2
0 663 662 635 551 551 551 2
0 168 153 635 158 145 552 2
0 664 665 666 553 553 553 2
0 667 592 668 554 554 554 2
0 213 667 669 195 555 555 2
0 200 670 671 182 556 556 2
0 671 201 200 557 183 182 2
0 173 603 201 162 558 183 2
0 175 136 201 164 131 183 2
0 201 136 173 183 131 162 2
0 201 140 672 183 135 559 2
0 141 140 616 136 135 560 2
0 673 660 616 561 547 562 2
0 616 660 659 563 547 563 2
0 674 675 660 564 565 547 2
0 675 180 660 566 169 547 2
0 111 617 676 107 567 567 2
0 677 678 679 568 568 568 2
0 205 208 619 187 190 569 2
0 211 209 680 193 191 570 2
0 667 668 669 571 571 571 2
0 681 682 213 572 572 195 2
0 644 197 683 573 179 573 2
0 684 223 685 574 204 574 2
0 686 687 201 575 575 183 2
0 688 140 201 576 135 183 2
0 689 140 690 577 135 577 2
0 691 7 692 578 7 578 2
0 336 39 693 290 38 579 2
0 673 694 674 561 580 564 2
0 674 660 673 564 547 561 2
0 695 674 696 581 564 581 2
0 697 698 218 582 582 199 2
0 699 207 218 583 189 199 2
0 218 207 217 199 189 198 2
0 207 224 208 189 205 190 2
0 219 700 701 200 584 584 2
0 702 703 223 585 585 204 2
0 704 221 223 586 202 204 2
0 29 33 30 28 32 29 2
0 33 32 30 32 31 29 2
0 7 336 705 7 290 587 2
0 316 706 707 278 588 589 2
0 224 207 708 205 189 590 2
0 207 709 710 189 591 591 2
0 39 711 707 38 592 589 2
0 712 316 707 593 278 589 2
0 219 209 224 200 191 205 2
0 713 714 715 594 594 594 2
0 266 716 717 243 595 595 2
0 225 266 718 206 243 596 2
0 225 227 266 206 208 243 2
0 719 720 721 597 597 597 2
0 47 46 227 45 44 208 2
0 81 233 232 78 214 213 2
0 232 722 252 213 598 229 2
0 252 723 232 229 599 213 2
0 724 725 232 600 600 213 2
0 234 254 232 215 231 213 2
0 254 726 232 231 601 213 2
0 236 254 235 217 231 216 2
0 40 727 728 39 602 602 2
0 729 730 731 603 603 603 2
0 732 733 734 604 604 604 2
0 735 736 737 605 605 605 2
0 738 739 740 606 606 606 2
0 741 238 742 607 219 607 2
0 391 238 743 323 219 608 2
0 392 391 244 324 323 223 2
0 244 391 744 223 323 609 2
0 63 240 64 60 220 61 2
0 745 395 746 610 326 610 2
0 747 395 748 611 326 611 2
0 395 749 750 326 612 612 2
0 751 392 244 613 324 223 2
0 752 753 754 614 614 614 2
0 755 756 757 615 615 616 2
0 758 68 759 617 65 618 2
0 759 760 761 618 619 619 2
0 762 266 70 620 243 67 2
0 70 266 763 67 243 621 2
0 227 248 266 208 226 243 2
0 49 764 50 47 622 48 2
0 236 56 41 217 53 40 2
0 765 238 766 623 219 623 2
0 757 767 258 616 624 235 2
0 768 256 258 625 233 235 2
0 257 256 769 234 233 626 2
0 769 256 770 626 233 627 2
0 771 769 772 628 626 628 2
0 260 257 773 237 234 629 2
0 774 257 769 630 234 626 2
0 769 775 776 626 631 631 2
0 777 778 779 632 632 632 2
0 780 781 782 633 633 633 2
0 783 492 264 634 396 241 2
0 492 784 264 396 635 241 2
0 264 785 786 241 636 636 2
0 14 271 267 13 247 244 2
0 14 266 248 13 243 226 2
0 787 15 248 637 14 226 2
0 253 788 254 230 638 231 2
0 789 397 790 639 328 640 2
0 789 791 792 639 641 641 2
0 793 794 789 642 642 639 2
0 795 796 797 643 644 644 2
0 353 264 354 301 241 302 2
0 263 354 264 240 302 241 2
0 798 354 263 645 302 240 2
0 14 248 272 13 226 248 2
0 799 800 801 646 646 646 2
0 802 803 804 647 647 647 2
0 805 806 807 648 648 648 2
0 275 808 809 250 649 649 2
0 252 810 811 229 650 650 2
0 812 813 281 651 651 253 2
0 391 814 815 323 652 652 2
0 816 238 391 653 219 323 2
0 789 817 818 639 654 654 2
0 795 819 820 643 655 655 2
0 260 259 821 237 236 656 2
0 822 823 824 657 657 657 2
0 825 826 388 658 658 321 2
0 388 827 828 321 659 659 2
0 829 830 349 660 660 298 2
0 293 831 832 260 661 661 2
0 295 833 834 262 662 662 2
0 835 253 836 663 230 663 2
0 837 253 838 664 230 664 2
0 839 840 290 665 665 258 2
0 841 842 290 666 666 258 2
0 290 843 844 258 667 667 2
0 391 845 846 323 668 669 2
0 397 789 845 328 639 668 2
0 789 303 845 639 267 668 2
0 303 789 847 267 639 670 2
0 848 795 849 671 643 671 2
0 850 851 852 672 672 672 2
0 853 854 855 673 673 673 2
0 856 857 299 674 674 264 2
0 858 859 860 675 675 675 2
0 861 862 863 676 676 676 2
0 864 865 290 677 677 258 2
0 845 303 866 668 267 678 2
0 391 397 845 323 328 668 2
0 299 303 867 264 267 679 2
0 868 869 870 680 680 680 2

Materials: 1
"01 - Default"
0.588235 0.588235 0.588235 1.000000
0.588235 0.588235 0.588235 1.000000
0.898039 0.898039 0.898039 1.000000
0.000000 0.000000 0.000000 1.000000
12.800000
1.000000
"rocks.jpg"
""

Bones: 0
GroupComments: 0
MaterialComments: 0
BoneComments: 0
ModelComment: 0
