// MilkShape 3D ASCII

Frames: 30
Frame: 1

Meshes: 1
"VMtl01" 0 0
306
0 0.543283 0.603430 -0.759152 0.909573 0.222170 -1
0 0.398232 0.573959 -0.734357 0.904323 0.195635 -1
0 0.254758 0.603430 -0.631142 0.884671 0.169764 -1
0 1.590648 0.187138 -0.009213 0.223015 0.133629 -1
0 1.603055 0.163484 0.021322 0.228530 0.129157 -1
0 1.597086 0.157712 -0.052675 0.214908 0.128400 -1
0 1.616154 0.237830 -0.156514 0.196154 0.143549 -1
0 1.319894 0.461282 -0.939021 0.946338 0.364016 -1
0 1.231344 0.603430 -0.752370 0.911616 0.348637 -1
0 1.418733 0.444096 -0.881811 0.936298 0.382451 -1
0 -0.425355 0.461730 0.069434 0.213813 0.417499 -1
0 -0.448790 0.514652 0.155183 0.198874 0.428449 -1
0 -0.446644 0.603430 0.126452 0.205436 0.444296 -1
0 -0.407422 0.603430 -0.036812 0.235352 0.441910 -1
0 -0.414607 0.383436 0.210997 0.186729 0.405222 -1
0 -0.479483 0.509949 0.444202 0.145847 0.431812 -1
0 -0.486488 0.414796 0.458334 0.141867 0.414583 -1
0 -0.601856 0.480131 0.731676 0.092736 0.430551 -1
0 -0.630613 0.486308 0.985483 0.046320 0.435392 -1
0 -0.523841 0.147701 0.783995 0.078290 0.370403 -1
0 -0.425120 0.328549 0.454377 0.141331 0.398722 -1
0 -0.299243 0.199804 0.293535 0.168921 0.372780 -1
0 -0.362540 0.045129 0.532831 0.122813 0.347936 -1
0 -0.380008 0.179387 0.471116 0.136084 0.371635 -1
0 -0.300371 -0.168504 0.782199 0.073997 0.312436 -1
0 0.844890 -0.344862 0.242658 0.161315 0.548062 -1
0 1.367997 -0.189735 0.131639 0.066544 0.580889 -1
0 0.976888 -0.161384 0.336590 0.138599 0.582849 -1
0 0.796474 -0.458105 0.158907 0.169265 0.526865 -1
0 1.345696 -0.402673 -0.059609 0.068872 0.541602 -1
0 1.392721 0.102120 0.204742 0.261986 0.117128 -1
0 1.425036 -0.045024 0.161207 0.253382 0.090266 -1
0 1.428815 0.063867 0.152146 0.252163 0.110314 -1
0 1.390142 0.047241 0.221160 0.264778 0.106976 -1
0 1.445231 0.226544 0.200813 0.055817 0.657971 -1
0 1.428815 0.063867 0.152146 0.057481 0.627963 -1
0 1.603055 0.163484 0.021322 0.026312 0.647702 -1
0 1.445231 0.226544 0.200813 0.261774 0.140010 -1
0 1.587958 0.283116 -0.109159 0.205042 0.151677 -1
0 1.587958 0.283116 -0.109159 0.030078 0.669544 -1
0 1.616154 0.237830 -0.156514 0.024524 0.661462 -1
0 1.633064 0.262280 -0.161071 0.021622 0.666093 -1
0 1.459621 0.458546 -0.793913 0.920341 0.390385 -1
0 1.521383 0.457923 -0.731309 0.909133 0.402033 -1
0 0.908208 0.468142 -1.018221 0.292962 0.956766 -1
0 0.816346 0.499787 -0.974907 0.276063 0.962546 -1
0 1.007210 0.492885 -1.045371 0.311150 0.961354 -1
0 0.614094 0.499371 -0.841803 0.238886 0.962388 -1
0 0.398232 0.573959 -0.734357 0.199177 0.976011 -1
0 0.535748 0.564083 -0.810044 0.224459 0.974251 -1
0 0.043249 0.603430 -0.461535 0.133914 0.981285 -1
0 0.254758 0.603430 -0.631142 0.172793 0.981371 -1
0 0.122889 0.495990 -0.454199 0.148596 0.961568 -1
0 0.122889 0.495990 -0.454199 0.310262 0.416122 -1
0 -0.109568 0.603430 -0.277161 0.279392 0.438397 -1
0 0.043249 0.603430 -0.461535 0.313176 0.435702 -1
0 -0.288659 0.603430 -0.191202 0.263642 0.439653 -1
0 -0.297925 0.551748 -0.164091 0.257919 0.430580 -1
0 -0.297925 0.551748 -0.164091 0.071221 0.971648 -1
0 -0.288659 0.603430 -0.191202 0.072904 0.981151 -1
0 -0.109568 0.603430 -0.277161 0.105823 0.981224 -1
0 -0.012527 0.008277 0.098968 0.201773 0.334842 -1
0 -0.009161 -0.087051 0.250351 0.172641 0.319587 -1
0 -0.062271 -0.277870 0.622085 0.881637 0.678823 -1
0 -0.300371 -0.168504 0.782199 0.911322 0.635228 -1
0 -0.362540 0.045129 0.532831 0.865551 0.623534 -1
0 -0.122793 0.537362 1.199394 0.346332 0.702032 -1
0 0.127131 0.403400 1.083114 0.299327 0.679507 -1
0 0.017502 0.523098 1.156820 0.320451 0.700577 -1
0 -0.264981 -0.088446 0.916787 0.367248 0.585935 -1
0 0.308885 0.103339 0.889311 0.263461 0.625916 -1
0 1.494855 0.270401 0.074689 0.238776 0.148587 -1
0 1.633121 0.444461 -0.577213 0.881351 0.423303 -1
0 1.444455 0.603430 -0.519674 0.869876 0.388909 -1
0 1.320545 0.443240 -0.977562 0.953423 0.363951 -1
0 1.121894 0.603430 -0.930893 0.943897 0.327671 -1
0 1.189191 0.434202 -1.193151 0.344625 0.950641 -1
0 1.311818 0.017718 -0.906189 0.367334 0.874134 -1
0 0.922231 0.434526 -1.010637 0.295553 0.950593 -1
0 1.192629 -0.089176 -0.707081 0.345468 0.854437 -1
0 1.392721 0.102120 0.204742 0.064427 0.634688 -1
0 1.390142 0.047241 0.221160 0.064445 0.624589 -1
0 1.425036 -0.045024 0.161207 0.057271 0.607936 -1
0 1.324989 -0.484403 -0.389639 0.694190 0.932742 -1
0 1.345696 -0.402673 -0.059609 0.754832 0.936900 -1
0 1.226567 -0.549797 -0.288373 0.712909 0.914759 -1
0 1.118447 0.457055 -1.154794 0.331612 0.954813 -1
0 -0.497294 0.603430 0.955532 0.589516 0.039157 -1
0 -0.630613 0.486308 0.985483 0.583375 0.014803 -1
0 -0.554555 0.513571 1.068468 0.568490 0.029175 -1
0 0.289414 0.603430 1.064957 0.271187 0.717586 -1
0 0.225660 0.603430 1.089671 0.282894 0.717057 -1
0 0.128146 0.547117 1.132243 0.300333 0.705907 -1
0 -0.207589 0.475253 1.188040 0.361388 0.689924 -1
0 0.308885 0.103339 0.889311 0.930362 0.747331 -1
0 -0.264981 -0.088446 0.916787 0.936024 0.641876 -1
0 0.614671 -0.246447 0.434152 0.846371 0.803054 -1
0 0.614671 -0.246447 0.434152 0.204407 0.564223 -1
0 0.916952 -0.564921 0.000122 0.766269 0.858155 -1
0 1.051354 -0.583535 -0.076134 0.752108 0.882779 -1
0 0.796474 -0.458105 0.158907 0.795584 0.836178 -1
0 1.051354 -0.583535 -0.076134 0.121421 0.505948 -1
0 1.415850 -0.076381 -0.792217 0.386495 0.856879 -1
0 1.423072 -0.164636 -0.703123 0.387858 0.840659 -1
0 1.266483 0.430154 -1.174541 0.358834 0.949928 -1
0 -0.391792 0.603430 0.500476 0.673639 0.056368 -1
0 -0.428835 0.603430 0.277053 0.714517 0.048493 -1
0 -0.470106 0.546641 0.490658 0.675069 0.041931 -1
0 -0.595299 0.509565 0.776250 0.621991 0.020291 -1
0 -0.319062 0.532455 1.188128 0.382332 0.699502 -1
0 -0.474852 0.393899 1.089538 0.409790 0.672766 -1
0 -0.406493 0.226123 1.036852 0.395844 0.642525 -1
0 -0.404793 0.064580 0.966242 0.394191 0.612875 -1
0 -0.505124 0.171207 0.966321 0.413500 0.631622 -1
0 0.296138 -0.392674 0.379455 0.836657 0.744445 -1
0 0.695833 -0.481789 0.113025 0.787257 0.817630 -1
0 0.844890 -0.344862 0.242658 0.810927 0.845168 -1
0 0.695833 -0.481789 0.113025 0.187550 0.521681 -1
0 1.236037 0.487871 -1.149976 0.353214 0.960525 -1
0 0.855319 0.603430 -0.853795 0.928456 0.279055 -1
0 0.816346 0.499787 -0.974907 0.950524 0.271315 -1
0 0.614094 0.499371 -0.841803 0.925099 0.234787 -1
0 0.657780 0.603430 -0.714068 0.901836 0.243425 -1
0 -0.535467 0.302057 0.992297 0.420158 0.655398 -1
0 -0.591001 0.369600 1.003942 0.430916 0.667340 -1
0 -0.404793 0.064580 0.966242 0.945263 0.616229 -1
0 0.471084 -0.396418 0.249133 0.812515 0.776464 -1
0 1.455817 0.170182 -0.795920 0.393742 0.902217 -1
0 1.455817 0.170182 -0.795920 0.078372 0.133739 -1
0 1.431156 0.309520 -0.878568 0.063755 0.159685 -1
0 1.544854 0.383004 -0.702174 0.096472 0.172466 -1
0 1.311818 0.017718 -0.906189 0.057482 0.106173 -1
0 1.266483 0.430154 -1.174541 0.009858 0.183067 -1
0 1.308209 0.345999 -1.067030 0.029271 0.167161 -1
0 1.370427 0.377679 -0.987563 0.044004 0.172657 -1
0 1.300797 0.423951 -1.128905 0.018219 0.181740 -1
0 1.273396 0.450920 -1.158690 0.360097 0.953748 -1
0 0.614094 0.499371 -0.841803 0.611834 0.801588 -1
0 1.192629 -0.089176 -0.707081 0.635981 0.908074 -1
0 0.284043 0.234376 -0.356969 0.178325 0.913544 -1
0 1.324989 -0.484403 -0.389639 0.369958 0.781841 -1
0 1.226567 -0.549797 -0.288373 0.351892 0.769781 -1
0 -0.012527 0.008277 0.098968 0.785428 0.687409 -1
0 0.284043 0.234376 -0.356969 0.701305 0.741437 -1
0 0.460000 -0.327819 0.106687 0.786344 0.774274 -1
0 0.827942 0.603430 0.360558 0.705182 0.279831 -1
0 0.828446 0.603430 0.592219 0.662615 0.281031 -1
0 0.962300 0.488626 0.626212 0.657009 0.305790 -1
0 1.660642 0.441505 -0.459714 0.859892 0.428922 -1
0 1.293610 0.446870 -1.026939 0.962367 0.358766 -1
0 1.129369 0.569432 -0.993949 0.955520 0.328743 -1
0 1.321592 0.425538 -1.041269 0.965134 0.363839 -1
0 1.236037 0.487871 -1.149976 0.984701 0.347598 -1
0 1.423072 -0.164636 -0.703123 0.636463 0.950437 -1
0 1.311818 0.017718 -0.906189 0.599255 0.929771 -1
0 -0.554555 0.513571 1.068468 0.425419 0.694080 -1
0 0.017502 0.523098 1.156820 0.554990 0.134716 -1
0 -0.137863 0.603430 1.132372 0.558739 0.106050 -1
0 -0.122793 0.537362 1.199394 0.546496 0.109140 -1
0 1.384131 0.413152 -0.912295 0.380467 0.946850 -1
0 1.319894 0.461282 -0.939021 0.368639 0.955671 -1
0 1.418733 0.444096 -0.881811 0.386815 0.952552 -1
0 1.384131 0.413152 -0.912295 0.941734 0.375947 -1
0 1.273396 0.450920 -1.158690 0.986481 0.354421 -1
0 -0.404793 0.064580 0.966242 0.043681 0.357836 -1
0 -0.505124 0.171207 0.966321 0.045225 0.377375 -1
0 -0.591001 0.369600 1.003942 0.041232 0.414277 -1
0 -0.554555 0.513571 1.068468 0.031513 0.441601 -1
0 -0.059629 0.603430 1.073339 0.569961 0.120144 -1
0 0.128146 0.547117 1.132243 0.560035 0.154930 -1
0 0.431072 0.587119 0.935065 0.597716 0.209651 -1
0 0.836914 0.527111 0.743720 0.634817 0.283312 -1
0 1.129447 0.330453 0.437970 0.692398 0.335604 -1
0 1.494855 0.270401 0.074689 0.760900 0.401012 -1
0 1.459621 0.458546 -0.793913 0.079923 0.186724 -1
0 1.521383 0.457923 -0.731309 0.091426 0.186353 -1
0 1.418733 0.444096 -0.881811 0.063711 0.184429 -1
0 1.320545 0.443240 -0.977562 0.046111 0.184665 -1
0 1.384131 0.413152 -0.912295 0.057982 0.178867 -1
0 1.431156 0.309520 -0.878568 0.389152 0.927820 -1
0 1.332709 0.405917 -0.986432 0.044328 0.177842 -1
0 1.293610 0.446870 -1.026939 0.037052 0.185534 -1
0 1.332709 0.405917 -0.986432 0.955111 0.366144 -1
0 1.431156 0.309520 -0.878568 0.935761 0.384750 -1
0 1.370427 0.377679 -0.987563 0.955499 0.373069 -1
0 1.273396 0.450920 -1.158690 0.012856 0.186819 -1
0 1.321592 0.425538 -1.041269 0.034331 0.181673 -1
0 1.581371 0.335230 -0.572019 0.120195 0.163152 -1
0 -0.552007 0.231517 0.882896 0.061393 0.387206 -1
0 -0.137863 0.603430 1.132372 0.349648 0.714039 -1
0 0.076493 0.603430 1.065007 0.310286 0.715819 -1
0 0.143938 0.603430 1.102454 0.297901 0.716378 -1
0 1.445231 0.226544 0.200813 0.737487 0.392497 -1
0 1.587958 0.283116 -0.109159 0.795128 0.417242 -1
0 1.633121 0.444461 -0.577213 0.119689 0.183247 -1
0 1.477760 -0.142576 -0.159638 0.194020 0.073654 -1
0 1.415850 -0.076381 -0.792217 0.078041 0.088413 -1
0 1.423072 -0.164636 -0.703123 0.094052 0.071829 -1
0 1.324989 -0.484403 -0.389639 0.150350 0.011780 -1
0 -0.009161 -0.087051 0.250351 0.813251 0.688189 -1
0 -0.009161 -0.087051 0.250351 0.813251 0.688189 -1
0 -0.319062 0.532455 1.188128 0.547628 0.073020 -1
0 -0.336797 0.603430 1.098412 0.564029 0.069332 -1
0 0.128146 0.547117 1.132243 0.560035 0.154930 -1
0 0.076493 0.603430 1.065007 0.572143 0.145117 -1
0 1.633064 0.262280 -0.161071 0.195416 0.148061 -1
0 1.660642 0.441505 -0.459714 0.141269 0.182222 -1
0 1.445231 0.226544 0.200813 0.261774 0.140010 -1
0 1.582183 0.168307 -0.239887 0.180547 0.131115 -1
0 1.660642 0.441505 -0.459714 0.141269 0.182222 -1
0 1.633064 0.262280 -0.161071 0.195416 0.148061 -1
0 1.633121 0.444461 -0.577213 0.119689 0.183247 -1
0 1.660642 0.441505 -0.459714 0.141269 0.182222 -1
0 1.660642 0.441505 -0.459714 0.141269 0.182222 -1
0 1.468962 0.018377 0.049600 0.774775 0.959675 -1
0 1.582183 0.168307 -0.239887 0.721443 0.980178 -1
0 1.597086 0.157712 -0.052675 0.755839 0.983117 -1
0 1.468962 0.018377 0.049600 0.233132 0.102375 -1
0 1.468962 0.018377 0.049600 0.233132 0.102375 -1
0 1.367997 -0.189735 0.131639 0.247355 0.063794 -1
0 1.345696 -0.402673 -0.059609 0.211336 0.025446 -1
0 1.367997 -0.189735 0.131639 0.247355 0.063794 -1
0 1.324989 -0.484403 -0.389639 0.150350 0.011780 -1
0 1.345696 -0.402673 -0.059609 0.211336 0.025446 -1
0 1.324989 -0.484403 -0.389639 0.369958 0.781841 -1
0 -0.012527 0.008277 0.098968 0.123901 0.871864 -1
0 0.254758 0.603430 -0.631142 0.172793 0.981371 -1
0 0.254758 0.603430 -0.631142 0.172793 0.981371 -1
0 0.398232 0.573959 -0.734357 0.199177 0.976011 -1
0 0.398232 0.573959 -0.734357 0.199177 0.976011 -1
0 -0.012527 0.008277 0.098968 0.123901 0.871864 -1
0 0.254758 0.603430 -0.631142 0.172793 0.981371 -1
0 -0.425355 0.461730 0.069434 0.047834 0.955049 -1
0 -0.012527 0.008277 0.098968 0.123901 0.871864 -1
0 0.122889 0.495990 -0.454199 0.683604 0.711711 -1
0 -0.425355 0.461730 0.069434 0.780439 0.611494 -1
0 -0.297925 0.551748 -0.164091 0.737378 0.634669 -1
0 -0.319062 0.532455 1.188128 0.547628 0.073020 -1
0 -0.109568 0.603430 -0.277161 0.105823 0.981224 -1
0 -0.297925 0.551748 -0.164091 0.071221 0.971648 -1
0 0.431072 0.587119 0.935065 0.245039 0.715766 -1
0 0.836914 0.527111 0.743720 0.170016 0.708115 -1
0 0.431072 0.587119 0.935065 0.245039 0.715766 -1
0 0.431072 0.587119 0.935065 0.245039 0.715766 -1
0 0.962300 0.488626 0.626212 0.146672 0.702089 -1
0 0.836914 0.527111 0.743720 0.170016 0.708115 -1
0 0.962300 0.488626 0.626212 0.146672 0.702089 -1
0 1.129447 0.330453 0.437970 0.114667 0.674431 -1
0 1.129447 0.330453 0.437970 0.114667 0.674431 -1
0 1.129447 0.330453 0.437970 0.114667 0.674431 -1
0 -0.099856 0.603433 0.538469 0.668054 0.110194 -1
0 -0.109568 0.603430 -0.277161 0.817883 0.104510 -1
0 0.043249 0.603430 -0.461535 0.852493 0.131709 -1
0 -0.109568 0.603430 -0.277161 0.817883 0.104510 -1
0 -0.288659 0.603430 -0.191202 0.801231 0.072012 -1
0 -0.109568 0.603430 -0.277161 0.817883 0.104510 -1
0 -0.407422 0.603430 -0.036812 0.772294 0.050927 -1
0 -0.288659 0.603430 -0.191202 0.801231 0.072012 -1
0 -0.407422 0.603430 -0.036812 0.772294 0.050927 -1
0 -0.446644 0.603430 0.126452 0.742106 0.044500 -1
0 -0.446644 0.603430 0.126452 0.742106 0.044500 -1
0 0.289414 0.603430 1.064957 0.573170 0.184242 -1
0 0.289414 0.603430 1.064957 0.573170 0.184242 -1
0 0.076493 0.603430 1.065007 0.572143 0.145117 -1
0 0.289414 0.603430 1.064957 0.573170 0.184242 -1
0 0.076493 0.603430 1.065007 0.572143 0.145117 -1
0 0.289414 0.603430 1.064957 0.573170 0.184242 -1
0 0.076493 0.603430 1.065007 0.572143 0.145117 -1
0 0.143938 0.603430 1.102454 0.565584 0.157689 -1
0 0.143938 0.603430 1.102454 0.565584 0.157689 -1
0 0.225660 0.603430 1.089671 0.568324 0.172645 -1
0 0.289414 0.603430 1.064957 0.573170 0.184242 -1
0 1.308209 0.345999 -1.067030 0.969804 0.361256 -1
0 1.332709 0.405917 -0.986432 0.955111 0.366144 -1
0 1.370427 0.377679 -0.987563 0.955499 0.373069 -1
0 1.321592 0.425538 -1.041269 0.034331 0.181673 -1
0 1.321592 0.425538 -1.041269 0.034331 0.181673 -1
0 1.236037 0.487871 -1.149976 0.984701 0.347598 -1
0 1.118447 0.457055 -1.154794 0.985024 0.325967 -1
0 1.007210 0.492885 -1.045371 0.964385 0.306050 -1
0 1.118447 0.457055 -1.154794 0.985024 0.325967 -1
0 1.007210 0.492885 -1.045371 0.964385 0.306050 -1
0 1.007210 0.492885 -1.045371 0.964385 0.306050 -1
0 0.816346 0.499787 -0.974907 0.950524 0.271315 -1
0 0.816346 0.499787 -0.974907 0.950524 0.271315 -1
0 0.535748 0.564083 -0.810044 0.918888 0.220542 -1
0 -0.535467 0.302057 0.992297 0.042378 0.401731 -1
0 -0.591001 0.369600 1.003942 0.041232 0.414277 -1
0 -0.505124 0.171207 0.966321 0.045225 0.377375 -1
0 -0.535467 0.302057 0.992297 0.042378 0.401731 -1
0 1.633064 0.262280 -0.161071 0.195416 0.148061 -1
0 0.535748 0.564083 -0.810044 0.918888 0.220542 -1
0 0.614094 0.499371 -0.841803 0.925099 0.234787 -1
0 0.535748 0.564083 -0.810044 0.918888 0.220542 -1
0 -0.428835 0.603430 0.277053 0.177841 0.446498 -1
0 -0.470106 0.546641 0.490658 0.137871 0.439214 -1
0 -0.428835 0.603430 0.277053 0.177841 0.446498 -1
0 -0.428835 0.603430 0.277053 0.177841 0.446498 -1
0 -0.595299 0.509565 0.776250 0.084999 0.436595 -1
0 -0.470106 0.546641 0.490658 0.137871 0.439214 -1
0 -0.470106 0.546641 0.490658 0.137871 0.439214 -1
0 -0.595299 0.509565 0.776250 0.084999 0.436595 -1
0 -0.505124 0.171207 0.966321 0.045225 0.377375 -1
0 1.468962 0.018377 0.049600 0.233132 0.102375 -1
0 1.428815 0.063867 0.152146 0.793667 0.952404 -1
0 1.477760 -0.142576 -0.159638 0.736305 0.961069 -1
270
-0.071821 0.880487 -0.468599
-0.256113 0.778960 -0.572388
-0.053192 0.991361 -0.119890
0.910008 0.364072 0.198335
0.960920 0.074507 0.266611
0.981777 -0.189720 -0.011013
0.978838 -0.165381 0.120517
0.519202 0.769725 -0.371419
0.312377 0.917106 -0.247661
0.424783 0.816769 -0.390446
-0.913365 -0.282216 -0.293459
-0.995422 -0.047319 -0.083045
-0.992881 -0.014269 -0.118250
-0.863359 -0.183118 -0.470190
-0.869687 -0.439372 -0.224938
-0.960807 0.172787 -0.216783
-0.918049 -0.286813 -0.273725
-0.957598 0.069676 -0.279556
-0.985601 -0.129859 0.108296
-0.893442 -0.440321 -0.088764
-0.848791 -0.420039 -0.321125
-0.766326 -0.539335 -0.349088
-0.801442 -0.393508 -0.450380
-0.759776 -0.459442 -0.460057
-0.816632 -0.577081 -0.009469
0.194151 -0.614380 0.764750
0.382933 -0.529322 0.757087
0.387911 -0.355185 0.850510
0.196994 -0.628756 0.752236
0.339974 -0.635399 0.693315
0.828267 -0.059156 0.557203
0.928979 -0.083419 0.360609
0.839672 -0.211971 0.500020
0.909724 0.079194 0.407591
0.522893 -0.244646 0.816536
0.672633 -0.273569 0.687550
0.690761 -0.270341 0.670646
0.815673 0.446532 0.367813
0.648110 -0.319391 0.691334
0.444424 0.809957 -0.382696
0.441791 0.832080 -0.335355
-0.399993 -0.208016 -0.892600
-0.442640 -0.060377 -0.894665
-0.384623 0.148437 -0.911061
-0.496525 -0.465221 -0.732825
-0.484632 -0.165172 -0.858982
-0.555718 -0.459248 -0.693014
-0.536733 -0.395005 -0.745580
-0.656032 -0.523414 -0.543746
-0.780391 -0.174984 -0.600308
-0.781947 -0.243022 -0.574020
-0.402407 -0.367646 -0.838394
-0.683452 -0.630102 -0.368598
-0.680335 -0.514264 -0.522185
-0.105910 -0.934532 0.339754
-0.599169 -0.675682 -0.429476
0.115072 -0.139927 0.983452
0.364878 -0.337299 0.867810
0.255907 -0.326007 0.910072
0.060194 -0.434005 0.898897
0.443624 -0.376821 0.813144
0.754686 0.544192 0.366476
0.525537 0.803867 -0.278582
0.421961 0.901783 0.093466
0.558014 0.765568 -0.320197
0.074306 0.900121 -0.429255
-0.189124 -0.071354 -0.979357
0.011250 -0.583542 -0.812005
-0.493053 -0.372411 -0.786263
-0.392447 -0.632382 -0.667891
0.372679 -0.128259 0.919054
0.125115 0.278964 0.952116
0.413531 -0.355321 0.838295
0.467988 -0.350239 0.811369
0.092420 -0.950338 -0.297182
0.646657 -0.748895 0.144885
0.090050 -0.978589 -0.185080
-0.476300 0.289407 -0.830290
-0.221235 0.972113 0.077787
-0.591937 0.749556 0.296271
-0.458835 0.760378 0.459670
0.480150 -0.315235 0.818586
0.360001 -0.018711 0.932764
0.148791 0.103070 0.983483
-0.088792 -0.355139 0.930587
0.269802 -0.714891 0.645088
0.199185 -0.771578 0.604146
0.222038 -0.695333 0.683528
0.336500 -0.623790 0.705446
0.336482 -0.609546 0.717797
-0.361962 -0.901830 -0.235977
0.174601 -0.960769 0.215496
0.289493 -0.677943 0.675712
0.342813 -0.622216 0.703794
0.492096 -0.825981 0.274950
0.446344 -0.446107 -0.775735
-0.031989 -0.685946 -0.726949
0.273158 0.177028 -0.945540
-0.386550 0.921833 -0.028347
-0.206840 0.977774 0.034294
-0.584974 0.810719 -0.023235
-0.476270 0.877718 -0.052714
-0.212976 0.016104 0.976925
-0.403248 -0.351952 0.844702
-0.314176 -0.384248 0.868129
-0.257190 -0.389310 0.884472
-0.424816 -0.323121 0.845650
-0.341597 -0.920204 -0.191144
-0.193191 -0.951289 0.240262
0.177939 -0.771732 0.610546
-0.258921 -0.500342 0.826207
-0.044764 -0.844298 0.534001
0.133585 0.577988 -0.805037
-0.189645 0.916681 -0.351754
-0.356135 0.763481 -0.538762
-0.361702 0.779544 -0.511354
0.027794 0.960623 -0.276462
-0.671460 0.724505 -0.155674
-0.373262 0.926862 0.040027
-0.474143 -0.405610 0.781453
-0.502379 -0.363010 0.784754
-0.532617 -0.658467 0.531733
-0.043031 -0.853637 0.519088
-0.133922 -0.986721 0.091906
0.681238 -0.121269 -0.721947
0.857854 -0.141248 -0.494101
0.816657 -0.015431 -0.576918
0.880518 0.043273 -0.472033
0.826647 -0.240229 -0.508865
0.877346 -0.218881 -0.427031
0.808181 -0.251929 -0.532330
0.787813 -0.255013 -0.560642
0.766479 -0.257784 -0.588266
0.738502 -0.242473 -0.629144
0.706672 -0.397446 -0.585365
0.896677 0.074320 -0.436402
0.314809 0.507455 -0.802113
-0.512018 -0.635575 -0.577825
-0.503694 -0.552516 -0.664093
-0.398627 -0.543728 -0.738550
-0.459846 -0.639410 -0.616196
-0.500154 -0.651091 -0.570899
-0.463499 -0.774062 -0.431274
-0.484145 -0.692941 -0.534262
-0.504968 -0.720850 -0.474744
-0.555438 -0.657154 -0.509546
0.454054 0.870868 0.188210
0.325314 0.929984 0.171177
0.637793 0.762296 0.110109
0.561089 0.810813 0.166614
0.603058 0.796216 -0.048578
0.241674 0.902426 -0.356680
0.632933 0.774146 -0.009670
0.597567 0.801749 -0.010574
-0.247068 -0.784352 -0.568990
-0.201460 -0.653496 -0.729628
-0.440003 -0.136787 0.887517
-0.547710 -0.222792 0.806460
0.268466 0.715504 0.644965
0.135429 0.876746 0.461492
0.582542 0.137721 -0.801048
0.517193 0.232966 -0.823552
0.649474 0.692819 -0.313346
0.682871 0.719820 -0.124689
-0.787856 -0.558274 0.260025
-0.718719 -0.676408 0.160983
-0.709027 -0.131057 0.692896
0.068522 0.945969 0.316933
0.348801 0.815268 0.462251
-0.001996 0.719642 0.694343
0.133005 0.981206 0.139798
0.442924 0.810405 0.383487
0.628422 0.751281 0.201651
0.538044 0.753988 0.376844
0.710731 -0.050206 -0.701670
0.812521 0.381577 -0.440690
0.738004 0.118699 -0.664274
0.639825 0.040570 -0.767449
0.826737 0.062846 -0.559067
0.901707 0.223842 -0.369892
0.826703 0.370126 -0.423755
0.826704 0.370126 -0.423754
0.594559 0.787704 0.161311
0.644307 0.752122 0.138496
0.788302 0.582694 -0.197605
0.798267 0.174320 -0.576526
0.956060 0.227707 -0.184659
0.913252 -0.291473 -0.284629
0.911336 -0.231250 -0.340573
-0.948136 -0.313543 0.052235
-0.893638 -0.401759 0.200003
-0.058215 0.704368 0.707444
-0.416503 0.513625 0.750143
-0.144775 0.494094 0.857270
0.549954 0.725008 0.414625
0.546501 0.700684 0.458672
0.597973 0.719791 0.352602
0.455366 0.772108 0.443274
0.734636 -0.374929 -0.565454
0.958911 -0.281897 0.031997
0.896764 -0.384103 -0.219727
0.980550 -0.160637 -0.112774
0.994874 -0.018873 -0.099341
0.928802 -0.362109 -0.078761
-0.534437 -0.720521 -0.441844
-0.572181 -0.729710 -0.374342
-0.107519 0.769263 0.629821
-0.186545 0.913262 0.362150
0.038208 0.780330 0.624199
0.723151 0.560724 0.403289
0.728089 0.506013 0.462425
0.918935 -0.391611 -0.046908
0.915386 -0.376843 -0.141625
0.878268 -0.426381 -0.216437
0.878268 -0.426381 -0.216437
0.675006 -0.705057 0.217398
0.696733 -0.710919 -0.095698
0.733812 -0.679324 -0.006205
0.938079 -0.254400 0.235133
0.877126 -0.400026 0.265764
0.894994 -0.346285 0.281198
0.898338 -0.436255 0.051670
-0.448278 -0.619930 -0.643999
-0.578675 -0.515449 -0.632018
-0.566662 -0.519865 -0.639245
-0.516501 -0.552936 -0.653826
-0.359067 -0.654715 -0.665145
-0.558941 -0.549322 -0.621152
-0.457633 -0.716834 -0.526043
-0.370587 0.691379 0.620210
-0.542087 0.179761 -0.820870
0.588633 -0.414554 0.694015
0.396543 -0.185192 0.899143
0.528251 -0.211199 0.822402
0.543689 -0.429776 0.720899
0.524195 -0.362916 0.770397
0.499051 -0.320734 0.805033
0.523245 -0.324707 0.787896
0.004385 0.999990 -0.000401
-0.000004 1.000000 -0.000004
0.000000 1.000000 0.000000
-0.000002 1.000000 -0.000004
-0.000004 1.000000 -0.000003
-0.000007 1.000000 -0.000002
-0.000010 1.000000 0.000001
0.068378 0.996378 -0.050551
-0.000001 1.000000 0.000006
0.460424 0.639664 -0.615500
0.969471 -0.089143 -0.228429
0.969471 -0.089143 -0.228430
-0.189812 0.810848 -0.553622
-0.272892 0.797233 -0.538469
-0.312232 0.820249 -0.479273
-0.185481 0.793154 -0.580089
-0.175520 0.775168 -0.606884
-0.256004 0.782725 -0.567277
-0.632659 -0.603785 0.484960
-0.909420 -0.273141 0.313608
0.826826 -0.549262 0.121124
0.242407 0.749827 -0.615628
0.299161 0.687128 -0.662086
-0.991177 0.061889 0.117207
-0.932985 0.349130 -0.087443
-0.935998 0.339255 -0.093880
-0.774734 0.574031 -0.265094
-0.786236 0.552153 -0.277418
-0.919474 0.376459 -0.113339
-0.870264 -0.469245 0.149833
0.681504 -0.531806 0.502728
0.586767 -0.629721 0.509073
256
0 0 1 2 0 1 2 1
0 3 4 5 3 4 5 1
0 6 3 5 6 3 5 1
0 7 8 9 7 8 9 1
0 10 11 12 10 11 12 1
0 12 13 10 12 13 10 1
0 14 15 11 14 15 11 1
0 14 11 10 14 11 10 1
0 16 17 15 16 17 15 1
0 15 14 16 15 14 16 1
0 18 17 19 18 17 19 1
0 20 17 16 20 17 16 1
0 16 14 20 16 14 20 1
0 14 21 20 14 21 20 1
0 19 20 22 19 20 22 1
0 20 23 22 20 23 22 1
0 19 17 20 19 17 20 1
0 21 23 20 21 23 20 1
0 22 24 19 22 24 19 1
0 25 26 27 25 26 27 1
0 26 28 29 26 28 29 1
0 30 31 32 30 31 32 1
0 31 30 33 31 30 33 1
0 34 35 36 34 35 35 1
0 32 37 30 32 36 30 1
0 6 38 3 6 37 3 1
0 39 40 41 38 38 38 1
0 42 8 43 39 8 40 1
0 44 45 46 41 42 43 1
0 47 48 49 44 45 45 1
0 50 51 52 46 46 47 1
0 53 54 55 48 48 48 1
0 56 57 13 49 50 13 1
0 58 59 60 51 51 51 1
0 13 57 10 13 50 10 1
0 10 61 14 10 52 14 1
0 21 14 61 21 14 52 1
0 61 23 21 52 23 21 1
0 61 62 23 52 53 23 1
0 62 22 23 53 22 23 1
0 63 64 65 54 55 55 1
0 66 67 68 56 57 58 1
0 66 69 67 56 59 57 1
0 69 70 67 59 60 57 1
0 3 38 71 3 37 61 1
0 8 72 43 8 62 40 1
0 72 8 73 62 8 63 1
0 42 9 8 39 9 8 1
0 74 75 8 64 65 8 1
0 76 77 78 66 67 68 1
0 79 47 78 69 44 68 1
0 78 77 79 68 67 69 1
0 34 27 80 34 27 70 1
0 80 27 81 71 27 71 1
0 26 81 27 26 72 27 1
0 81 26 82 73 26 73 1
0 83 84 85 74 75 76 1
0 46 86 78 43 77 68 1
0 46 78 44 43 68 41 1
0 87 88 89 78 79 80 1
0 67 90 91 57 81 82 1
0 92 67 91 83 57 82 1
0 67 92 68 57 83 58 1
0 66 93 69 56 84 59 1
0 63 94 95 54 85 85 1
0 63 96 94 54 86 87 1
0 97 27 70 88 27 60 1
0 25 27 97 25 27 89 1
0 28 26 25 28 26 25 1
0 98 99 100 90 91 92 1
0 29 28 101 29 28 93 1
0 84 99 85 94 91 76 1
0 102 103 77 95 96 67 1
0 104 77 76 97 67 66 1
0 105 106 107 98 99 100 1
0 108 105 107 101 98 100 1
0 66 109 93 56 102 84 1
0 110 93 109 103 84 102 1
0 93 110 111 84 103 104 1
0 112 111 113 105 104 106 1
0 96 63 114 86 54 107 1
0 96 115 116 86 108 109 1
0 25 117 28 25 110 28 1
0 100 115 98 111 108 90 1
0 86 118 76 77 112 66 1
0 119 120 121 113 114 114 1
0 119 121 122 113 115 116 1
0 88 87 105 117 78 98 1
0 105 108 88 98 101 118 1
0 123 110 124 119 103 120 1
0 64 95 125 121 121 121 1
0 95 64 63 122 122 54 1
0 126 96 114 123 86 107 1
0 115 96 126 108 86 123 1
0 127 102 77 124 95 67 1
0 128 129 130 125 126 127 1
0 131 132 133 128 128 129 1
0 131 133 134 130 129 131 1
0 131 134 129 132 131 126 1
0 129 128 131 126 133 133 1
0 133 132 135 129 134 135 1
0 104 76 118 97 66 112 1
0 104 118 136 97 112 136 1
0 83 137 138 74 137 137 1
0 139 140 141 138 139 139 1
0 142 143 98 140 140 90 1
0 98 143 85 90 141 76 1
0 144 98 115 142 90 108 1
0 144 142 98 142 143 90 1
0 142 144 114 144 142 107 1
0 114 63 65 107 54 145 1
0 111 69 93 104 59 84 1
0 112 69 111 105 59 104 1
0 145 146 147 146 147 148 1
0 73 148 72 63 149 62 1
0 149 150 74 150 151 64 1
0 75 74 150 65 64 151 1
0 7 74 8 7 64 8 1
0 151 152 150 152 153 151 1
0 153 138 154 154 154 154 1
0 103 140 79 96 155 69 1
0 98 85 99 90 76 91 1
0 144 115 126 142 108 123 1
0 123 113 111 119 106 104 1
0 111 110 123 104 103 119 1
0 110 109 155 103 102 156 1
0 110 155 124 103 157 120 1
0 156 157 158 158 159 158 1
0 159 160 161 160 161 161 1
0 162 74 7 162 64 7 1
0 151 150 149 152 151 150 1
0 163 152 151 163 163 152 1
0 144 126 114 142 123 107 1
0 19 24 164 19 24 164 1
0 19 164 165 19 165 165 1
0 166 167 18 166 166 18 1
0 168 157 156 167 159 168 1
0 168 156 169 167 169 169 1
0 170 171 146 170 171 147 1
0 147 146 171 148 147 171 1
0 172 145 147 172 146 148 1
0 73 145 173 63 146 173 1
0 130 174 175 127 174 174 1
0 174 130 176 175 127 175 1
0 129 177 178 126 176 176 1
0 179 159 161 177 160 177 1
0 129 176 130 126 178 127 1
0 180 181 177 179 180 180 1
0 177 129 180 181 126 179 1
0 182 183 184 182 182 182 1
0 151 149 182 152 150 183 1
0 185 186 135 184 184 135 1
0 135 132 185 135 185 185 1
0 175 187 130 186 187 127 1
0 128 130 187 188 127 187 1
0 166 18 188 189 18 190 1
0 109 66 189 102 56 191 1
0 190 92 191 192 83 193 1
0 192 145 172 194 146 172 1
0 145 192 173 146 195 195 1
0 73 173 193 63 196 196 1
0 73 193 148 63 197 149 1
0 187 175 194 187 198 198 1
0 187 195 128 187 199 200 1
0 195 196 128 199 201 201 1
0 197 196 195 202 202 199 1
0 197 195 198 203 199 203 1
0 114 199 142 107 204 204 1
0 65 200 114 205 205 107 1
0 201 157 202 206 159 207 1
0 168 203 204 167 208 208 1
0 205 206 38 209 209 37 1
0 4 3 71 4 3 61 1
0 4 71 207 4 61 210 1
0 208 209 210 211 212 212 1
0 187 211 212 187 213 213 1
0 213 208 187 214 211 187 1
0 208 195 187 211 199 187 1
0 214 215 216 215 216 216 1
0 217 5 4 217 5 4 1
0 208 218 195 211 218 199 1
0 31 219 195 31 219 199 1
0 220 195 221 220 199 220 1
0 222 195 223 221 199 221 1
0 47 224 139 44 222 138 1
0 225 226 139 223 223 138 1
0 139 227 228 138 224 224 1
0 47 139 229 44 138 225 1
0 230 52 231 226 47 226 1
0 232 52 233 227 47 227 1
0 234 235 236 228 228 228 1
0 89 202 87 80 207 78 1
0 202 89 237 207 80 229 1
0 76 78 86 66 68 77 1
0 47 45 44 44 42 41 1
0 47 44 78 44 41 68 1
0 238 52 239 230 47 230 1
0 91 191 92 82 193 83 1
0 67 240 90 57 231 81 1
0 70 241 242 60 232 232 1
0 243 67 70 233 57 60 1
0 70 244 245 60 234 234 1
0 246 70 247 235 60 235 1
0 27 34 248 27 34 236 1
0 70 27 249 60 27 237 1
0 2 122 0 2 116 0 1
0 122 2 250 116 2 238 1
0 119 8 75 113 8 65 1
0 119 122 8 113 116 8 1
0 122 250 8 116 238 8 1
0 73 8 250 63 8 238 1
0 251 250 2 239 238 2 1
0 2 252 253 2 240 240 1
0 254 250 255 241 238 241 1
0 145 73 250 146 63 238 1
0 256 250 257 242 238 242 1
0 250 258 259 238 243 243 1
0 250 260 106 238 244 99 1
0 106 105 250 99 98 238 1
0 145 250 146 146 238 147 1
0 146 250 170 147 238 170 1
0 170 250 261 170 238 245 1
0 250 87 262 238 78 246 1
0 87 250 105 78 238 98 1
0 263 264 87 240 240 78 1
0 202 168 87 207 167 78 1
0 168 265 87 167 240 78 1
0 168 202 157 167 207 159 1
0 266 267 268 240 240 240 1
0 269 270 271 240 240 240 1
0 208 6 5 211 6 5 1
0 272 273 274 247 247 247 1
0 135 275 133 135 248 129 1
0 133 276 180 129 249 179 1
0 277 278 150 250 250 151 1
0 279 150 280 251 151 251 1
0 150 281 75 151 252 65 1
0 75 282 283 65 253 253 1
0 284 119 75 254 113 65 1
0 1 0 285 1 0 255 1
0 188 286 287 190 256 256 1
0 288 289 188 257 257 190 1
0 6 208 290 6 211 258 1
0 291 0 122 259 0 116 1
0 122 292 293 116 260 260 1
0 11 294 12 11 261 12 1
0 15 295 296 15 262 262 1
0 15 297 11 15 263 11 1
0 17 298 299 17 264 264 1
0 15 17 300 15 17 265 1
0 17 18 301 17 18 266 1
0 18 19 188 18 19 190 1
0 188 19 302 190 19 267 1
0 31 195 32 31 199 32 1
0 32 303 4 32 268 4 1
0 304 305 214 269 269 215 1

Materials: 1
"01 - Default"
0.588235 0.588235 0.588235 1.000000
0.588235 0.588235 0.588235 1.000000
0.898039 0.898039 0.898039 1.000000
0.000000 0.000000 0.000000 1.000000
12.800000
1.000000
"whites~2.jpg"
""

Bones: 0
GroupComments: 0
MaterialComments: 0
BoneComments: 0
ModelComment: 0
